851 	 total number of guide points 
   1        3.04692100        0.00000000        2.44534700       22.10800589        0.00000000        0.55754553
   2        3.02289500        0.38188000        2.44534700       22.10800622        7.19999167        0.55754551
   3        2.95119600        0.75773800        2.44534700       22.10800678       14.39999374        0.55754546
   4        2.83295500        1.12164600        2.44534700       22.10800706       21.59999594        0.55754544
   5        2.67003700        1.46786500        2.44534700       22.10800661       28.79999568        0.55754547
   6        2.46501100        1.79093500        2.44534700       22.10800594       35.99999508        0.55754553
   7        2.22111000        2.08576100        2.44534700       22.10800558       43.19999832        0.55754556
   8        1.94218100        2.34769300        2.44534700       22.10800531       50.39999358        0.55754558
   9        1.63262200        2.57260000        2.44534700       22.10800658       57.59999373        0.55754548
  10        1.29731600        2.75693600        2.44534700       22.10800671       64.79999332        0.55754546
  11        0.94155000        2.89779400        2.44534700       22.10800623       72.00000619        0.55754551
  12        0.57093600        2.99295200        2.44534700       22.10800527       79.20000238        0.55754559
  13        0.19131800        3.04090900        2.44534700       22.10800511       86.39999583        0.55754560
  14       -0.19131800        3.04090900        2.44534700       22.10800511       93.60000417        0.55754560
  15       -0.57093600        2.99295200        2.44534700       22.10800527      100.79999762        0.55754559
  16       -0.94155000        2.89779400        2.44534700       22.10800623      107.99999381        0.55754551
  17       -1.29731600        2.75693600        2.44534700       22.10800671      115.20000668        0.55754546
  18       -1.63262200        2.57260000        2.44534700       22.10800658      122.40000627        0.55754548
  19       -1.94218100        2.34769300        2.44534700       22.10800531      129.60000642        0.55754558
  20       -2.22111000        2.08576100        2.44534700       22.10800558      136.80000168        0.55754556
  21       -2.46501100        1.79093500        2.44534700       22.10800594      144.00000492        0.55754553
  22       -2.67003700        1.46786500        2.44534700       22.10800661      151.20000432        0.55754547
  23       -2.83295500        1.12164600        2.44534700       22.10800706      158.40000406        0.55754544
  24       -2.95119600        0.75773800        2.44534700       22.10800678      165.60000626        0.55754546
  25       -3.02289500        0.38188000        2.44534700       22.10800622      172.80000833        0.55754551
  26       -3.04692100        0.00000000        2.44534700       22.10800589      180.00000000        0.55754553
  27       -3.02289500       -0.38188000        2.44534700       22.10800622      187.19999167        0.55754551
  28       -2.95119600       -0.75773800        2.44534700       22.10800678      194.39999374        0.55754546
  29       -2.83295500       -1.12164600        2.44534700       22.10800706      201.59999594        0.55754544
  30       -2.67003700       -1.46786500        2.44534700       22.10800661      208.79999568        0.55754547
  31       -2.46501100       -1.79093500        2.44534700       22.10800594      215.99999508        0.55754553
  32       -2.22111000       -2.08576100        2.44534700       22.10800558      223.19999832        0.55754556
  33       -1.94218100       -2.34769300        2.44534700       22.10800531      230.39999358        0.55754558
  34       -1.63262200       -2.57260000        2.44534700       22.10800658      237.59999373        0.55754548
  35       -1.29731600       -2.75693600        2.44534700       22.10800671      244.79999332        0.55754546
  36       -0.94155000       -2.89779400        2.44534700       22.10800623      252.00000619        0.55754551
  37       -0.57093600       -2.99295200        2.44534700       22.10800527      259.20000238        0.55754559
  38       -0.19131800       -3.04090900        2.44534700       22.10800511      266.39999583        0.55754560
  39        0.19131800       -3.04090900        2.44534700       22.10800511      273.60000417        0.55754560
  40        0.57093600       -2.99295200        2.44534700       22.10800527      280.79999762        0.55754559
  41        0.94155000       -2.89779400        2.44534700       22.10800623      287.99999381        0.55754551
  42        1.29731600       -2.75693600        2.44534700       22.10800671      295.20000668        0.55754546
  43        1.63262200       -2.57260000        2.44534700       22.10800658      302.40000627        0.55754548
  44        1.94218100       -2.34769300        2.44534700       22.10800531      309.60000642        0.55754558
  45        2.22111000       -2.08576100        2.44534700       22.10800558      316.80000168        0.55754556
  46        2.46501100       -1.79093500        2.44534700       22.10800594      324.00000492        0.55754553
  47        2.67003700       -1.46786500        2.44534700       22.10800661      331.20000432        0.55754547
  48        2.83295500       -1.12164600        2.44534700       22.10800706      338.40000406        0.55754544
  49        2.95119600       -0.75773800        2.44534700       22.10800678      345.60000626        0.55754546
  50        3.02289500       -0.38188000        2.44534700       22.10800622      352.80000833        0.55754551
  51        3.07082800        0.00000000        1.85491900       16.69740481        0.00000000        0.54477457
  52        3.04661300        0.38487700        1.85491900       16.69740559        7.20000506        0.54477447
  53        2.97435200        0.76368400        1.85491900       16.69740515       14.40000372        0.54477453
  54        2.85518300        1.13044700        1.85491900       16.69740574       21.60000139        0.54477446
  55        2.69098700        1.47938200        1.85491900       16.69740535       28.79998983        0.54477450
  56        2.48435200        1.80498700        1.85491900       16.69740518       35.99999423        0.54477452
  57        2.23853700        2.10212600        1.85491900       16.69740547       43.19999776        0.54477449
  58        1.95741900        2.36611300        1.85491900       16.69740585       50.39999865        0.54477444
  59        1.64543200        2.59278600        1.85491900       16.69740457       57.60000047        0.54477459
  60        1.30749500        2.77856800        1.85491900       16.69740510       64.79999753        0.54477453
  61        0.94893800        2.92053100        1.85491900       16.69740480       72.00000080        0.54477457
  62        0.57541600        3.01643500        1.85491900       16.69740501       79.19999543        0.54477454
  63        0.19281900        3.06476800        1.85491900       16.69740537       86.39999737        0.54477450
  64       -0.19281900        3.06476800        1.85491900       16.69740537       93.60000263        0.54477450
  65       -0.57541600        3.01643500        1.85491900       16.69740501      100.80000457        0.54477454
  66       -0.94893800        2.92053100        1.85491900       16.69740480      107.99999920        0.54477457
  67       -1.30749500        2.77856800        1.85491900       16.69740510      115.20000247        0.54477453
  68       -1.64543200        2.59278600        1.85491900       16.69740457      122.39999953        0.54477459
  69       -1.95741900        2.36611300        1.85491900       16.69740585      129.60000135        0.54477444
  70       -2.23853700        2.10212600        1.85491900       16.69740547      136.80000224        0.54477449
  71       -2.48435200        1.80498700        1.85491900       16.69740518      144.00000577        0.54477452
  72       -2.69098700        1.47938200        1.85491900       16.69740535      151.20001017        0.54477450
  73       -2.85518300        1.13044700        1.85491900       16.69740574      158.39999861        0.54477446
  74       -2.97435200        0.76368400        1.85491900       16.69740515      165.59999628        0.54477453
  75       -3.04661300        0.38487700        1.85491900       16.69740559      172.79999494        0.54477447
  76       -3.07082800        0.00000000        1.85491900       16.69740481      180.00000000        0.54477457
  77       -3.04661300       -0.38487700        1.85491900       16.69740559      187.20000506        0.54477447
  78       -2.97435200       -0.76368400        1.85491900       16.69740515      194.40000372        0.54477453
  79       -2.85518300       -1.13044700        1.85491900       16.69740574      201.60000139        0.54477446
  80       -2.69098700       -1.47938200        1.85491900       16.69740535      208.79998983        0.54477450
  81       -2.48435200       -1.80498700        1.85491900       16.69740518      215.99999423        0.54477452
  82       -2.23853700       -2.10212600        1.85491900       16.69740547      223.19999776        0.54477449
  83       -1.95741900       -2.36611300        1.85491900       16.69740585      230.39999865        0.54477444
  84       -1.64543200       -2.59278600        1.85491900       16.69740457      237.60000047        0.54477459
  85       -1.30749500       -2.77856800        1.85491900       16.69740510      244.79999753        0.54477453
  86       -0.94893800       -2.92053100        1.85491900       16.69740480      252.00000080        0.54477457
  87       -0.57541600       -3.01643500        1.85491900       16.69740501      259.19999543        0.54477454
  88       -0.19281900       -3.06476800        1.85491900       16.69740537      266.39999737        0.54477450
  89        0.19281900       -3.06476800        1.85491900       16.69740537      273.60000263        0.54477450
  90        0.57541600       -3.01643500        1.85491900       16.69740501      280.80000457        0.54477454
  91        0.94893800       -2.92053100        1.85491900       16.69740480      287.99999920        0.54477457
  92        1.30749500       -2.77856800        1.85491900       16.69740510      295.20000247        0.54477453
  93        1.64543200       -2.59278600        1.85491900       16.69740457      302.39999953        0.54477459
  94        1.95741900       -2.36611300        1.85491900       16.69740585      309.60000135        0.54477444
  95        2.23853700       -2.10212600        1.85491900       16.69740547      316.80000224        0.54477449
  96        2.48435200       -1.80498700        1.85491900       16.69740518      324.00000577        0.54477452
  97        2.69098700       -1.47938200        1.85491900       16.69740535      331.20001017        0.54477450
  98        2.85518300       -1.13044700        1.85491900       16.69740574      338.39999861        0.54477446
  99        2.97435200       -0.76368400        1.85491900       16.69740515      345.59999628        0.54477453
 100        3.04661300       -0.38487700        1.85491900       16.69740559      352.79999494        0.54477447
 101        3.07093900        0.00000000        1.24662700       11.19876284        0.00000000        0.53305220
 102        3.04672400        0.38489100        1.24662700       11.19876258        7.20000464        0.53305225
 103        2.97446000        0.76371100        1.24662700       11.19876278       14.39999054        0.53305221
 104        2.85528700        1.13048800        1.24662700       11.19876275       21.59999833        0.53305222
 105        2.69108400        1.47943600        1.24662700       11.19876318       28.80000084        0.53305214
 106        2.48444200        1.80505300        1.24662700       11.19876255       36.00000345        0.53305225
 107        2.23861800        2.10220200        1.24662700       11.19876320       43.19999689        0.53305213
 108        1.95749000        2.36619900        1.24662700       11.19876306       50.40000074        0.53305216
 109        1.64549100        2.59287900        1.24662700       11.19876344       57.60000078        0.53305209
 110        1.30754200        2.77866900        1.24662700       11.19876268       64.80000643        0.53305223
 111        0.94897200        2.92063600        1.24662700       11.19876339       72.00000287        0.53305210
 112        0.57543700        3.01654400        1.24662700       11.19876297       79.19999163        0.53305218
 113        0.19282600        3.06487900        1.24662700       11.19876301       86.39999707        0.53305217
 114       -0.19282600        3.06487900        1.24662700       11.19876301       93.60000293        0.53305217
 115       -0.57543700        3.01654400        1.24662700       11.19876297      100.80000837        0.53305218
 116       -0.94897200        2.92063600        1.24662700       11.19876339      107.99999713        0.53305210
 117       -1.30754200        2.77866900        1.24662700       11.19876268      115.19999357        0.53305223
 118       -1.64549100        2.59287900        1.24662700       11.19876344      122.39999922        0.53305209
 119       -1.95749000        2.36619900        1.24662700       11.19876306      129.59999926        0.53305216
 120       -2.23861800        2.10220200        1.24662700       11.19876320      136.80000311        0.53305213
 121       -2.48444200        1.80505300        1.24662700       11.19876255      143.99999655        0.53305225
 122       -2.69108400        1.47943600        1.24662700       11.19876318      151.19999916        0.53305214
 123       -2.85528700        1.13048800        1.24662700       11.19876275      158.40000167        0.53305222
 124       -2.97446000        0.76371100        1.24662700       11.19876278      165.60000946        0.53305221
 125       -3.04672400        0.38489100        1.24662700       11.19876258      172.79999536        0.53305225
 126       -3.07093900        0.00000000        1.24662700       11.19876284      180.00000000        0.53305220
 127       -3.04672400       -0.38489100        1.24662700       11.19876258      187.20000464        0.53305225
 128       -2.97446000       -0.76371100        1.24662700       11.19876278      194.39999054        0.53305221
 129       -2.85528700       -1.13048800        1.24662700       11.19876275      201.59999833        0.53305222
 130       -2.69108400       -1.47943600        1.24662700       11.19876318      208.80000084        0.53305214
 131       -2.48444200       -1.80505300        1.24662700       11.19876255      216.00000345        0.53305225
 132       -2.23861800       -2.10220200        1.24662700       11.19876320      223.19999689        0.53305213
 133       -1.95749000       -2.36619900        1.24662700       11.19876306      230.40000074        0.53305216
 134       -1.64549100       -2.59287900        1.24662700       11.19876344      237.60000078        0.53305209
 135       -1.30754200       -2.77866900        1.24662700       11.19876268      244.80000643        0.53305223
 136       -0.94897200       -2.92063600        1.24662700       11.19876339      252.00000287        0.53305210
 137       -0.57543700       -3.01654400        1.24662700       11.19876297      259.19999163        0.53305218
 138       -0.19282600       -3.06487900        1.24662700       11.19876301      266.39999707        0.53305217
 139        0.19282600       -3.06487900        1.24662700       11.19876301      273.60000293        0.53305217
 140        0.57543700       -3.01654400        1.24662700       11.19876297      280.80000837        0.53305218
 141        0.94897200       -2.92063600        1.24662700       11.19876339      287.99999713        0.53305210
 142        1.30754200       -2.77866900        1.24662700       11.19876268      295.19999357        0.53305223
 143        1.64549100       -2.59287900        1.24662700       11.19876344      302.39999922        0.53305209
 144        1.95749000       -2.36619900        1.24662700       11.19876306      309.59999926        0.53305216
 145        2.23861800       -2.10220200        1.24662700       11.19876320      316.80000311        0.53305213
 146        2.48444200       -1.80505300        1.24662700       11.19876255      323.99999655        0.53305225
 147        2.69108400       -1.47943600        1.24662700       11.19876318      331.19999916        0.53305214
 148        2.85528700       -1.13048800        1.24662700       11.19876275      338.40000167        0.53305222
 149        2.97446000       -0.76371100        1.24662700       11.19876278      345.60000946        0.53305221
 150        3.04672400       -0.38489100        1.24662700       11.19876258      352.79999536        0.53305225
 151        3.04725400        0.00000000        0.62633000        5.62878880        0.00000000        0.52234837
 152        3.02322500        0.38192200        0.62633000        5.62878902        7.19999748        0.52234829
 153        2.95151900        0.75782100        0.62633000        5.62878879       14.39999497        0.52234837
 154        2.83326500        1.12176900        0.62633000        5.62878885       21.60000053        0.52234835
 155        2.67032900        1.46802600        0.62633000        5.62878877       28.80000345        0.52234838
 156        2.46528000        1.79113100        0.62633000        5.62878888       36.00000360        0.52234834
 157        2.22135200        2.08598900        0.62633000        5.62878895       43.20000856        0.52234832
 158        1.94239300        2.34794900        0.62633000        5.62878893       50.39999041        0.52234832
 159        1.63280000        2.57288100        0.62633000        5.62878911       57.59999893        0.52234826
 160        1.29745700        2.75723800        0.62633000        5.62878886       64.80001221        0.52234835
 161        0.94165300        2.89811000        0.62633000        5.62878915       72.00000037        0.52234824
 162        0.57099800        2.99327800        0.62633000        5.62878915       79.20000585        0.52234824
 163        0.19133900        3.04124100        0.62633000        5.62878876       86.39999372        0.52234838
 164       -0.19133900        3.04124100        0.62633000        5.62878876       93.60000628        0.52234838
 165       -0.57099800        2.99327800        0.62633000        5.62878915      100.79999415        0.52234824
 166       -0.94165300        2.89811000        0.62633000        5.62878915      107.99999963        0.52234824
 167       -1.29745700        2.75723800        0.62633000        5.62878886      115.19998779        0.52234835
 168       -1.63280000        2.57288100        0.62633000        5.62878911      122.40000107        0.52234826
 169       -1.94239300        2.34794900        0.62633000        5.62878893      129.60000959        0.52234832
 170       -2.22135200        2.08598900        0.62633000        5.62878895      136.79999144        0.52234832
 171       -2.46528000        1.79113100        0.62633000        5.62878888      143.99999640        0.52234834
 172       -2.67032900        1.46802600        0.62633000        5.62878877      151.19999655        0.52234838
 173       -2.83326500        1.12176900        0.62633000        5.62878885      158.39999947        0.52234835
 174       -2.95151900        0.75782100        0.62633000        5.62878879      165.60000503        0.52234837
 175       -3.02322500        0.38192200        0.62633000        5.62878902      172.80000252        0.52234829
 176       -3.04725400        0.00000000        0.62633000        5.62878880      180.00000000        0.52234837
 177       -3.02322500       -0.38192200        0.62633000        5.62878902      187.19999748        0.52234829
 178       -2.95151900       -0.75782100        0.62633000        5.62878879      194.39999497        0.52234837
 179       -2.83326500       -1.12176900        0.62633000        5.62878885      201.60000053        0.52234835
 180       -2.67032900       -1.46802600        0.62633000        5.62878877      208.80000345        0.52234838
 181       -2.46528000       -1.79113100        0.62633000        5.62878888      216.00000360        0.52234834
 182       -2.22135200       -2.08598900        0.62633000        5.62878895      223.20000856        0.52234832
 183       -1.94239300       -2.34794900        0.62633000        5.62878893      230.39999041        0.52234832
 184       -1.63280000       -2.57288100        0.62633000        5.62878911      237.59999893        0.52234826
 185       -1.29745700       -2.75723800        0.62633000        5.62878886      244.80001221        0.52234835
 186       -0.94165300       -2.89811000        0.62633000        5.62878915      252.00000037        0.52234824
 187       -0.57099800       -2.99327800        0.62633000        5.62878915      259.20000585        0.52234824
 188       -0.19133900       -3.04124100        0.62633000        5.62878876      266.39999372        0.52234838
 189        0.19133900       -3.04124100        0.62633000        5.62878876      273.60000628        0.52234838
 190        0.57099800       -2.99327800        0.62633000        5.62878915      280.79999415        0.52234824
 191        0.94165300       -2.89811000        0.62633000        5.62878915      287.99999963        0.52234824
 192        1.29745700       -2.75723800        0.62633000        5.62878886      295.19998779        0.52234835
 193        1.63280000       -2.57288100        0.62633000        5.62878911      302.40000107        0.52234826
 194        1.94239300       -2.34794900        0.62633000        5.62878893      309.60000959        0.52234832
 195        2.22135200       -2.08598900        0.62633000        5.62878895      316.79999144        0.52234832
 196        2.46528000       -1.79113100        0.62633000        5.62878888      323.99999640        0.52234834
 197        2.67032900       -1.46802600        0.62633000        5.62878877      331.19999655        0.52234838
 198        2.83326500       -1.12176900        0.62633000        5.62878885      338.39999947        0.52234835
 199        2.95151900       -0.75782100        0.62633000        5.62878879      345.60000503        0.52234837
 200        3.02322500       -0.38192200        0.62633000        5.62878902      352.80000252        0.52234829
 201        3.00000000        0.00000000       -0.00000000        0.00000000        0.00000000        0.51261377
 202        2.97634400        0.37600000       -0.00000000        0.00000000        7.20000592        0.51261376
 203        2.90574900        0.74607000       -0.00000000        0.00000000       14.40000856        0.51261371
 204        2.78932900        1.10437400       -0.00000000        0.00000000       21.60000929        0.51261372
 205        2.62892000        1.44526100       -0.00000000        0.00000000       28.80000000        0.51261376
 206        2.42705100        1.76335600       -0.00000000        0.00000000       36.00000357        0.51261380
 207        2.18690600        2.05364100       -0.00000000        0.00000000       43.19999404        0.51261375
 208        1.91227200        2.31154000       -0.00000000        0.00000000       50.40000285        0.51261381
 209        1.60748000        2.53298400       -0.00000000        0.00000000       57.60000849        0.51261377
 210        1.27733800        2.71448100       -0.00000000        0.00000000       64.79999655        0.51261376
 211        0.92705100        2.85317000       -0.00000000        0.00000000       72.00000236        0.51261384
 212        0.56214400        2.94686200       -0.00000000        0.00000000       79.19999983        0.51261381
 213        0.18837200        2.99408000       -0.00000000        0.00000000       86.39999136        0.51261375
 214       -0.18837200        2.99408000       -0.00000000        0.00000000       93.60000864        0.51261375
 215       -0.56214400        2.94686200       -0.00000000        0.00000000      100.80000017        0.51261381
 216       -0.92705100        2.85317000       -0.00000000        0.00000000      107.99999764        0.51261384
 217       -1.27733800        2.71448100       -0.00000000        0.00000000      115.20000345        0.51261376
 218       -1.60748000        2.53298400       -0.00000000        0.00000000      122.39999151        0.51261377
 219       -1.91227200        2.31154000       -0.00000000        0.00000000      129.59999715        0.51261381
 220       -2.18690600        2.05364100       -0.00000000        0.00000000      136.80000596        0.51261375
 221       -2.42705100        1.76335600       -0.00000000        0.00000000      143.99999643        0.51261380
 222       -2.62892000        1.44526100       -0.00000000        0.00000000      151.20000000        0.51261376
 223       -2.78932900        1.10437400       -0.00000000        0.00000000      158.39999071        0.51261372
 224       -2.90574900        0.74607000       -0.00000000        0.00000000      165.59999144        0.51261371
 225       -2.97634400        0.37600000       -0.00000000        0.00000000      172.79999408        0.51261376
 226       -3.00000000        0.00000000       -0.00000000        0.00000000      180.00000000        0.51261377
 227       -2.97634400       -0.37600000       -0.00000000        0.00000000      187.20000592        0.51261376
 228       -2.90574900       -0.74607000       -0.00000000        0.00000000      194.40000856        0.51261371
 229       -2.78932900       -1.10437400       -0.00000000        0.00000000      201.60000929        0.51261372
 230       -2.62892000       -1.44526100       -0.00000000        0.00000000      208.80000000        0.51261376
 231       -2.42705100       -1.76335600       -0.00000000        0.00000000      216.00000357        0.51261380
 232       -2.18690600       -2.05364100       -0.00000000        0.00000000      223.19999404        0.51261375
 233       -1.91227200       -2.31154000       -0.00000000        0.00000000      230.40000285        0.51261381
 234       -1.60748000       -2.53298400       -0.00000000        0.00000000      237.60000849        0.51261377
 235       -1.27733800       -2.71448100       -0.00000000        0.00000000      244.79999655        0.51261376
 236       -0.92705100       -2.85317000       -0.00000000        0.00000000      252.00000236        0.51261384
 237       -0.56214400       -2.94686200       -0.00000000        0.00000000      259.19999983        0.51261381
 238       -0.18837200       -2.99408000       -0.00000000        0.00000000      266.39999136        0.51261375
 239        0.18837200       -2.99408000       -0.00000000        0.00000000      273.60000864        0.51261375
 240        0.56214400       -2.94686200       -0.00000000        0.00000000      280.80000017        0.51261381
 241        0.92705100       -2.85317000       -0.00000000        0.00000000      287.99999764        0.51261384
 242        1.27733800       -2.71448100       -0.00000000        0.00000000      295.20000345        0.51261376
 243        1.60748000       -2.53298400       -0.00000000        0.00000000      302.39999151        0.51261377
 244        1.91227200       -2.31154000       -0.00000000        0.00000000      309.59999715        0.51261381
 245        2.18690600       -2.05364100       -0.00000000        0.00000000      316.80000596        0.51261375
 246        2.42705100       -1.76335600       -0.00000000        0.00000000      323.99999643        0.51261380
 247        2.62892000       -1.44526100       -0.00000000        0.00000000      331.20000000        0.51261376
 248        2.78932900       -1.10437400       -0.00000000        0.00000000      338.39999071        0.51261372
 249        2.90574900       -0.74607000       -0.00000000        0.00000000      345.59999144        0.51261371
 250        2.97634400       -0.37600000       -0.00000000        0.00000000      352.79999408        0.51261376
 251        2.92963300        0.00000000       -0.62633000       -5.67848632        0.00000000        0.50379788
 252        2.90653200        0.36718000       -0.62633000       -5.67848633        7.19999261        0.50379788
 253        2.83759300        0.72857000       -0.62633000       -5.67848641       14.39999904        0.50379785
 254        2.72390400        1.07847000       -0.62633000       -5.67848625       21.60000206        0.50379791
 255        2.56725700        1.41136100       -0.62633000       -5.67848640       28.79999179        0.50379785
 256        2.37012300        1.72199500       -0.62633000       -5.67848630       35.99999753        0.50379789
 257        2.13561100        2.00547200       -0.62633000       -5.67848612       43.19999690        0.50379796
 258        1.86741800        2.25732100       -0.62633000       -5.67848642       50.40000507        0.50379785
 259        1.56977600        2.47357100       -0.62633000       -5.67848627       57.59999819        0.50379790
 260        1.24737700        2.65081100       -0.62633000       -5.67848641       64.79999952        0.50379785
 261        0.90530600        2.78624700       -0.62633000       -5.67848619       72.00000984        0.50379793
 262        0.54895800        2.87774100       -0.62633000       -5.67848642       79.20000874        0.50379785
 263        0.18395300        2.92385200       -0.62633000       -5.67848634       86.40000343        0.50379788
 264       -0.18395300        2.92385200       -0.62633000       -5.67848634       93.59999657        0.50379788
 265       -0.54895800        2.87774100       -0.62633000       -5.67848642      100.79999126        0.50379785
 266       -0.90530600        2.78624700       -0.62633000       -5.67848619      107.99999016        0.50379793
 267       -1.24737700        2.65081100       -0.62633000       -5.67848641      115.20000048        0.50379785
 268       -1.56977600        2.47357100       -0.62633000       -5.67848627      122.40000181        0.50379790
 269       -1.86741800        2.25732100       -0.62633000       -5.67848642      129.59999493        0.50379785
 270       -2.13561100        2.00547200       -0.62633000       -5.67848612      136.80000310        0.50379796
 271       -2.37012300        1.72199500       -0.62633000       -5.67848630      144.00000247        0.50379789
 272       -2.56725700        1.41136100       -0.62633000       -5.67848640      151.20000821        0.50379785
 273       -2.72390400        1.07847000       -0.62633000       -5.67848625      158.39999794        0.50379791
 274       -2.83759300        0.72857000       -0.62633000       -5.67848641      165.60000096        0.50379785
 275       -2.90653200        0.36718000       -0.62633000       -5.67848633      172.80000739        0.50379788
 276       -2.92963300        0.00000000       -0.62633000       -5.67848632      180.00000000        0.50379788
 277       -2.90653200       -0.36718000       -0.62633000       -5.67848633      187.19999261        0.50379788
 278       -2.83759300       -0.72857000       -0.62633000       -5.67848641      194.39999904        0.50379785
 279       -2.72390400       -1.07847000       -0.62633000       -5.67848625      201.60000206        0.50379791
 280       -2.56725700       -1.41136100       -0.62633000       -5.67848640      208.79999179        0.50379785
 281       -2.37012300       -1.72199500       -0.62633000       -5.67848630      215.99999753        0.50379789
 282       -2.13561100       -2.00547200       -0.62633000       -5.67848612      223.19999690        0.50379796
 283       -1.86741800       -2.25732100       -0.62633000       -5.67848642      230.40000507        0.50379785
 284       -1.56977600       -2.47357100       -0.62633000       -5.67848627      237.59999819        0.50379790
 285       -1.24737700       -2.65081100       -0.62633000       -5.67848641      244.79999952        0.50379785
 286       -0.90530600       -2.78624700       -0.62633000       -5.67848619      252.00000984        0.50379793
 287       -0.54895800       -2.87774100       -0.62633000       -5.67848642      259.20000874        0.50379785
 288       -0.18395300       -2.92385200       -0.62633000       -5.67848634      266.40000343        0.50379788
 289        0.18395300       -2.92385200       -0.62633000       -5.67848634      273.59999657        0.50379788
 290        0.54895800       -2.87774100       -0.62633000       -5.67848642      280.79999126        0.50379785
 291        0.90530600       -2.78624700       -0.62633000       -5.67848619      287.99999016        0.50379793
 292        1.24737700       -2.65081100       -0.62633000       -5.67848641      295.20000048        0.50379785
 293        1.56977600       -2.47357100       -0.62633000       -5.67848627      302.40000181        0.50379790
 294        1.86741800       -2.25732100       -0.62633000       -5.67848642      309.59999493        0.50379785
 295        2.13561100       -2.00547200       -0.62633000       -5.67848612      316.80000310        0.50379796
 296        2.37012300       -1.72199500       -0.62633000       -5.67848630      324.00000247        0.50379789
 297        2.56725700       -1.41136100       -0.62633000       -5.67848640      331.20000821        0.50379785
 298        2.72390400       -1.07847000       -0.62633000       -5.67848625      338.39999794        0.50379791
 299        2.83759300       -0.72857000       -0.62633000       -5.67848641      345.60000096        0.50379785
 300        2.90653200       -0.36718000       -0.62633000       -5.67848633      352.80000739        0.50379788
 301        2.83683000        0.00000000       -1.24662700      -11.40031107        0.00000000        0.49586021
 302        2.81446100        0.35554900       -1.24662700      -11.40031087        7.19999782        0.49586025
 303        2.74770600        0.70549100       -1.24662700      -11.40031087       14.40000016        0.49586025
 304        2.63761800        1.04430700       -1.24662700      -11.40031087       21.60000295        0.49586025
 305        2.48593300        1.36665400       -1.24662700      -11.40031083       28.80001360        0.49586026
 306        2.29504400        1.66744700       -1.24662700      -11.40031077       35.99999886        0.49586027
 307        2.06796000        1.94194400       -1.24662700      -11.40031098       43.20000442        0.49586023
 308        1.80826400        2.18581500       -1.24662700      -11.40031085       50.39999111        0.49586025
 309        1.52005000        2.39521500       -1.24662700      -11.40031070       57.59999422        0.49586028
 310        1.20786400        2.56684100       -1.24662700      -11.40031052       64.79999434        0.49586032
 311        0.87662900        2.69798600       -1.24662700      -11.40031071       71.99999600        0.49586028
 312        0.53156900        2.78658200       -1.24662700      -11.40031101       79.19999893        0.49586022
 313        0.17812600        2.83123300       -1.24662700      -11.40031036       86.40000166        0.49586035
 314       -0.17812600        2.83123300       -1.24662700      -11.40031036       93.59999834        0.49586035
 315       -0.53156900        2.78658200       -1.24662700      -11.40031101      100.80000107        0.49586022
 316       -0.87662900        2.69798600       -1.24662700      -11.40031071      108.00000400        0.49586028
 317       -1.20786400        2.56684100       -1.24662700      -11.40031052      115.20000566        0.49586032
 318       -1.52005000        2.39521500       -1.24662700      -11.40031070      122.40000578        0.49586028
 319       -1.80826400        2.18581500       -1.24662700      -11.40031085      129.60000889        0.49586025
 320       -2.06796000        1.94194400       -1.24662700      -11.40031098      136.79999558        0.49586023
 321       -2.29504400        1.66744700       -1.24662700      -11.40031077      144.00000114        0.49586027
 322       -2.48593300        1.36665400       -1.24662700      -11.40031083      151.19998640        0.49586026
 323       -2.63761800        1.04430700       -1.24662700      -11.40031087      158.39999705        0.49586025
 324       -2.74770600        0.70549100       -1.24662700      -11.40031087      165.59999984        0.49586025
 325       -2.81446100        0.35554900       -1.24662700      -11.40031087      172.80000218        0.49586025
 326       -2.83683000        0.00000000       -1.24662700      -11.40031107      180.00000000        0.49586021
 327       -2.81446100       -0.35554900       -1.24662700      -11.40031087      187.19999782        0.49586025
 328       -2.74770600       -0.70549100       -1.24662700      -11.40031087      194.40000016        0.49586025
 329       -2.63761800       -1.04430700       -1.24662700      -11.40031087      201.60000295        0.49586025
 330       -2.48593300       -1.36665400       -1.24662700      -11.40031083      208.80001360        0.49586026
 331       -2.29504400       -1.66744700       -1.24662700      -11.40031077      215.99999886        0.49586027
 332       -2.06796000       -1.94194400       -1.24662700      -11.40031098      223.20000442        0.49586023
 333       -1.80826400       -2.18581500       -1.24662700      -11.40031085      230.39999111        0.49586025
 334       -1.52005000       -2.39521500       -1.24662700      -11.40031070      237.59999422        0.49586028
 335       -1.20786400       -2.56684100       -1.24662700      -11.40031052      244.79999434        0.49586032
 336       -0.87662900       -2.69798600       -1.24662700      -11.40031071      251.99999600        0.49586028
 337       -0.53156900       -2.78658200       -1.24662700      -11.40031101      259.19999893        0.49586022
 338       -0.17812600       -2.83123300       -1.24662700      -11.40031036      266.40000166        0.49586035
 339        0.17812600       -2.83123300       -1.24662700      -11.40031036      273.59999834        0.49586035
 340        0.53156900       -2.78658200       -1.24662700      -11.40031101      280.80000107        0.49586022
 341        0.87662900       -2.69798600       -1.24662700      -11.40031071      288.00000400        0.49586028
 342        1.20786400       -2.56684100       -1.24662700      -11.40031052      295.20000566        0.49586032
 343        1.52005000       -2.39521500       -1.24662700      -11.40031070      302.40000578        0.49586028
 344        1.80826400       -2.18581500       -1.24662700      -11.40031085      309.60000889        0.49586025
 345        2.06796000       -1.94194400       -1.24662700      -11.40031098      316.79999558        0.49586023
 346        2.29504400       -1.66744700       -1.24662700      -11.40031077      324.00000114        0.49586027
 347        2.48593300       -1.36665400       -1.24662700      -11.40031083      331.19998640        0.49586026
 348        2.63761800       -1.04430700       -1.24662700      -11.40031087      338.39999705        0.49586025
 349        2.74770600       -0.70549100       -1.24662700      -11.40031087      345.59999984        0.49586025
 350        2.81446100       -0.35554900       -1.24662700      -11.40031087      352.80000218        0.49586025
 351        2.72248600        0.00000000       -1.85491900      -17.16134048        0.00000000        0.48878004
 352        2.70101800        0.34121800       -1.85491900      -17.16134098        7.20000156        0.48877998
 353        2.63695400        0.67705500       -1.85491900      -17.16134052       14.40000588        0.48878003
 354        2.53130300        1.00221400       -1.85491900      -17.16134102       21.60000477        0.48877997
 355        2.38573300        1.31156800       -1.85491900      -17.16133987       28.80000340        0.48878011
 356        2.20253700        1.60023700       -1.85491900      -17.16134104       36.00000341        0.48877997
 357        1.98460700        1.86367000       -1.85491900      -17.16134029       43.19999966        0.48878006
 358        1.73537800        2.09771200       -1.85491900      -17.16133990       50.40000468        0.48878011
 359        1.45878100        2.29867100       -1.85491900      -17.16134040       57.59999956        0.48878005
 360        1.15917800        2.46337900       -1.85491900      -17.16134055       64.80000321        0.48878003
 361        0.84129400        2.58923800       -1.85491900      -17.16134072       72.00000850        0.48878001
 362        0.51014300        2.67426300       -1.85491900      -17.16134085       79.19999898        0.48877999
 363        0.17094600        2.71711400       -1.85491900      -17.16134024       86.40000679        0.48878007
 364       -0.17094600        2.71711400       -1.85491900      -17.16134024       93.59999321        0.48878007
 365       -0.51014300        2.67426300       -1.85491900      -17.16134085      100.80000102        0.48877999
 366       -0.84129400        2.58923800       -1.85491900      -17.16134072      107.99999150        0.48878001
 367       -1.15917800        2.46337900       -1.85491900      -17.16134055      115.19999679        0.48878003
 368       -1.45878100        2.29867100       -1.85491900      -17.16134040      122.40000044        0.48878005
 369       -1.73537800        2.09771200       -1.85491900      -17.16133990      129.59999532        0.48878011
 370       -1.98460700        1.86367000       -1.85491900      -17.16134029      136.80000034        0.48878006
 371       -2.20253700        1.60023700       -1.85491900      -17.16134104      143.99999659        0.48877997
 372       -2.38573300        1.31156800       -1.85491900      -17.16133987      151.19999660        0.48878011
 373       -2.53130300        1.00221400       -1.85491900      -17.16134102      158.39999523        0.48877997
 374       -2.63695400        0.67705500       -1.85491900      -17.16134052      165.59999412        0.48878003
 375       -2.70101800        0.34121800       -1.85491900      -17.16134098      172.79999844        0.48877998
 376       -2.72248600        0.00000000       -1.85491900      -17.16134048      180.00000000        0.48878004
 377       -2.70101800       -0.34121800       -1.85491900      -17.16134098      187.20000156        0.48877998
 378       -2.63695400       -0.67705500       -1.85491900      -17.16134052      194.40000588        0.48878003
 379       -2.53130300       -1.00221400       -1.85491900      -17.16134102      201.60000477        0.48877997
 380       -2.38573300       -1.31156800       -1.85491900      -17.16133987      208.80000340        0.48878011
 381       -2.20253700       -1.60023700       -1.85491900      -17.16134104      216.00000341        0.48877997
 382       -1.98460700       -1.86367000       -1.85491900      -17.16134029      223.19999966        0.48878006
 383       -1.73537800       -2.09771200       -1.85491900      -17.16133990      230.40000468        0.48878011
 384       -1.45878100       -2.29867100       -1.85491900      -17.16134040      237.59999956        0.48878005
 385       -1.15917800       -2.46337900       -1.85491900      -17.16134055      244.80000321        0.48878003
 386       -0.84129400       -2.58923800       -1.85491900      -17.16134072      252.00000850        0.48878001
 387       -0.51014300       -2.67426300       -1.85491900      -17.16134085      259.19999898        0.48877999
 388       -0.17094600       -2.71711400       -1.85491900      -17.16134024      266.40000679        0.48878007
 389        0.17094600       -2.71711400       -1.85491900      -17.16134024      273.59999321        0.48878007
 390        0.51014300       -2.67426300       -1.85491900      -17.16134085      280.80000102        0.48877999
 391        0.84129400       -2.58923800       -1.85491900      -17.16134072      287.99999150        0.48878001
 392        1.15917800       -2.46337900       -1.85491900      -17.16134055      295.19999679        0.48878003
 393        1.45878100       -2.29867100       -1.85491900      -17.16134040      302.40000044        0.48878005
 394        1.73537800       -2.09771200       -1.85491900      -17.16133990      309.59999532        0.48878011
 395        1.98460700       -1.86367000       -1.85491900      -17.16134029      316.80000034        0.48878006
 396        2.20253700       -1.60023700       -1.85491900      -17.16134104      323.99999659        0.48877997
 397        2.38573300       -1.31156800       -1.85491900      -17.16133987      331.19999660        0.48878011
 398        2.53130300       -1.00221400       -1.85491900      -17.16134102      338.39999523        0.48877997
 399        2.63695400       -0.67705500       -1.85491900      -17.16134052      345.59999412        0.48878003
 400        2.70101800       -0.34121800       -1.85491900      -17.16134098      352.79999844        0.48877998
 401        2.58770100        0.00000000       -2.44534700      -22.95914495        0.00000000        0.48256445
 402        2.56729600        0.32432500       -2.44534700      -22.95914531        7.20000202        0.48256442
 403        2.50640300        0.64353500       -2.44534700      -22.95914607       14.40000189        0.48256435
 404        2.40598300        0.95259600       -2.44534700      -22.95914605       21.59999880        0.48256435
 405        2.26762000        1.24663400       -2.44534700      -22.95914483       28.79998750        0.48256446
 406        2.09349400        1.52101200       -2.44534700      -22.95914560       35.99999242        0.48256439
 407        1.88635300        1.77140300       -2.44534700      -22.95914503       43.19999395        0.48256444
 408        1.64946300        1.99385800       -2.44534700      -22.95914444       50.39999638        0.48256450
 409        1.38655900        2.18486800       -2.44534700      -22.95914580       57.60000739        0.48256437
 410        1.10178900        2.34142200       -2.44534700      -22.95914512       64.80001123        0.48256443
 411        0.79964400        2.46105000       -2.44534700      -22.95914454       71.99999196        0.48256449
 412        0.48488700        2.54186600       -2.44534700      -22.95914435       79.19999722        0.48256450
 413        0.16248300        2.58259500       -2.44534700      -22.95914453       86.40000232        0.48256449
 414       -0.16248300        2.58259500       -2.44534700      -22.95914453       93.59999768        0.48256449
 415       -0.48488700        2.54186600       -2.44534700      -22.95914435      100.80000278        0.48256450
 416       -0.79964400        2.46105000       -2.44534700      -22.95914454      108.00000804        0.48256449
 417       -1.10178900        2.34142200       -2.44534700      -22.95914512      115.19998877        0.48256443
 418       -1.38655900        2.18486800       -2.44534700      -22.95914580      122.39999261        0.48256437
 419       -1.64946300        1.99385800       -2.44534700      -22.95914444      129.60000362        0.48256450
 420       -1.88635300        1.77140300       -2.44534700      -22.95914503      136.80000605        0.48256444
 421       -2.09349400        1.52101200       -2.44534700      -22.95914560      144.00000758        0.48256439
 422       -2.26762000        1.24663400       -2.44534700      -22.95914483      151.20001250        0.48256446
 423       -2.40598300        0.95259600       -2.44534700      -22.95914605      158.40000120        0.48256435
 424       -2.50640300        0.64353500       -2.44534700      -22.95914607      165.59999811        0.48256435
 425       -2.56729600        0.32432500       -2.44534700      -22.95914531      172.79999798        0.48256442
 426       -2.58770100        0.00000000       -2.44534700      -22.95914495      180.00000000        0.48256445
 427       -2.56729600       -0.32432500       -2.44534700      -22.95914531      187.20000202        0.48256442
 428       -2.50640300       -0.64353500       -2.44534700      -22.95914607      194.40000189        0.48256435
 429       -2.40598300       -0.95259600       -2.44534700      -22.95914605      201.59999880        0.48256435
 430       -2.26762000       -1.24663400       -2.44534700      -22.95914483      208.79998750        0.48256446
 431       -2.09349400       -1.52101200       -2.44534700      -22.95914560      215.99999242        0.48256439
 432       -1.88635300       -1.77140300       -2.44534700      -22.95914503      223.19999395        0.48256444
 433       -1.64946300       -1.99385800       -2.44534700      -22.95914444      230.39999638        0.48256450
 434       -1.38655900       -2.18486800       -2.44534700      -22.95914580      237.60000739        0.48256437
 435       -1.10178900       -2.34142200       -2.44534700      -22.95914512      244.80001123        0.48256443
 436       -0.79964400       -2.46105000       -2.44534700      -22.95914454      251.99999196        0.48256449
 437       -0.48488700       -2.54186600       -2.44534700      -22.95914435      259.19999722        0.48256450
 438       -0.16248300       -2.58259500       -2.44534700      -22.95914453      266.40000232        0.48256449
 439        0.16248300       -2.58259500       -2.44534700      -22.95914453      273.59999768        0.48256449
 440        0.48488700       -2.54186600       -2.44534700      -22.95914435      280.80000278        0.48256450
 441        0.79964400       -2.46105000       -2.44534700      -22.95914454      288.00000804        0.48256449
 442        1.10178900       -2.34142200       -2.44534700      -22.95914512      295.19998877        0.48256443
 443        1.38655900       -2.18486800       -2.44534700      -22.95914580      302.39999261        0.48256437
 444        1.64946300       -1.99385800       -2.44534700      -22.95914444      309.60000362        0.48256450
 445        1.88635300       -1.77140300       -2.44534700      -22.95914503      316.80000605        0.48256444
 446        2.09349400       -1.52101200       -2.44534700      -22.95914560      324.00000758        0.48256439
 447        2.26762000       -1.24663400       -2.44534700      -22.95914483      331.20001250        0.48256446
 448        2.40598300       -0.95259600       -2.44534700      -22.95914605      338.40000120        0.48256435
 449        2.50640300       -0.64353500       -2.44534700      -22.95914607      345.59999811        0.48256435
 450        2.56729600       -0.32432500       -2.44534700      -22.95914531      352.79999798        0.48256442
 451        2.43377300        0.00000000       -3.01222500      -28.79257016        0.00000000        0.47725956
 452        2.41458200        0.30503300       -3.01222500      -28.79256999        7.20000833        0.47725957
 453        2.35731200        0.60525500       -3.01222500      -28.79256894       14.40000343        0.47725965
 454        2.26286500        0.89593200       -3.01222500      -28.79256960       21.60000802        0.47725960
 455        2.13273200        1.17247900       -3.01222500      -28.79256929       28.79999301        0.47725962
 456        1.96896400        1.43053600       -3.01222500      -28.79256944       35.99999844        0.47725961
 457        1.77414400        1.66603200       -3.01222500      -28.79257088       43.19999811        0.47725951
 458        1.55134500        1.87525400       -3.01222500      -28.79257122       50.40000047        0.47725949
 459        1.30408100        2.05490300       -3.01222500      -28.79256889       57.60000196        0.47725965
 460        1.03625000        2.20214400       -3.01222500      -28.79256955       64.80000657        0.47725961
 461        0.75207700        2.31465600       -3.01222500      -28.79256957       72.00000726        0.47725960
 462        0.45604400        2.39066400       -3.01222500      -28.79257042       79.19998955        0.47725954
 463        0.15281800        2.42897000       -3.01222500      -28.79257136       86.39999622        0.47725948
 464       -0.15281800        2.42897000       -3.01222500      -28.79257136       93.60000378        0.47725948
 465       -0.45604400        2.39066400       -3.01222500      -28.79257042      100.80001045        0.47725954
 466       -0.75207700        2.31465600       -3.01222500      -28.79256957      107.99999274        0.47725960
 467       -1.03625000        2.20214400       -3.01222500      -28.79256955      115.19999343        0.47725961
 468       -1.30408100        2.05490300       -3.01222500      -28.79256889      122.39999804        0.47725965
 469       -1.55134500        1.87525400       -3.01222500      -28.79257122      129.59999953        0.47725949
 470       -1.77414400        1.66603200       -3.01222500      -28.79257088      136.80000189        0.47725951
 471       -1.96896400        1.43053600       -3.01222500      -28.79256944      144.00000156        0.47725961
 472       -2.13273200        1.17247900       -3.01222500      -28.79256929      151.20000699        0.47725962
 473       -2.26286500        0.89593200       -3.01222500      -28.79256960      158.39999198        0.47725960
 474       -2.35731200        0.60525500       -3.01222500      -28.79256894      165.59999657        0.47725965
 475       -2.41458200        0.30503300       -3.01222500      -28.79256999      172.79999167        0.47725957
 476       -2.43377300        0.00000000       -3.01222500      -28.79257016      180.00000000        0.47725956
 477       -2.41458200       -0.30503300       -3.01222500      -28.79256999      187.20000833        0.47725957
 478       -2.35731200       -0.60525500       -3.01222500      -28.79256894      194.40000343        0.47725965
 479       -2.26286500       -0.89593200       -3.01222500      -28.79256960      201.60000802        0.47725960
 480       -2.13273200       -1.17247900       -3.01222500      -28.79256929      208.79999301        0.47725962
 481       -1.96896400       -1.43053600       -3.01222500      -28.79256944      215.99999844        0.47725961
 482       -1.77414400       -1.66603200       -3.01222500      -28.79257088      223.19999811        0.47725951
 483       -1.55134500       -1.87525400       -3.01222500      -28.79257122      230.40000047        0.47725949
 484       -1.30408100       -2.05490300       -3.01222500      -28.79256889      237.60000196        0.47725965
 485       -1.03625000       -2.20214400       -3.01222500      -28.79256955      244.80000657        0.47725961
 486       -0.75207700       -2.31465600       -3.01222500      -28.79256957      252.00000726        0.47725960
 487       -0.45604400       -2.39066400       -3.01222500      -28.79257042      259.19998955        0.47725954
 488       -0.15281800       -2.42897000       -3.01222500      -28.79257136      266.39999622        0.47725948
 489        0.15281800       -2.42897000       -3.01222500      -28.79257136      273.60000378        0.47725948
 490        0.45604400       -2.39066400       -3.01222500      -28.79257042      280.80001045        0.47725954
 491        0.75207700       -2.31465600       -3.01222500      -28.79256957      287.99999274        0.47725960
 492        1.03625000       -2.20214400       -3.01222500      -28.79256955      295.19999343        0.47725961
 493        1.30408100       -2.05490300       -3.01222500      -28.79256889      302.39999804        0.47725965
 494        1.55134500       -1.87525400       -3.01222500      -28.79257122      309.59999953        0.47725949
 495        1.77414400       -1.66603200       -3.01222500      -28.79257088      316.80000189        0.47725951
 496        1.96896400       -1.43053600       -3.01222500      -28.79256944      324.00000156        0.47725961
 497        2.13273200       -1.17247900       -3.01222500      -28.79256929      331.20000699        0.47725962
 498        2.26286500       -0.89593200       -3.01222500      -28.79256960      338.39999198        0.47725960
 499        2.35731200       -0.60525500       -3.01222500      -28.79256894      345.59999657        0.47725965
 500        2.41458200       -0.30503300       -3.01222500      -28.79256999      352.79999167        0.47725957
 501        2.26218500        0.00000000       -3.55009400      -34.66114993        0.00000000        0.47296512
 502        2.24434700        0.28352700       -3.55009400      -34.66114990        7.20000097        0.47296512
 503        2.19111400        0.56258300       -3.55009400      -34.66115047       14.40001335        0.47296509
 504        2.10332600        0.83276600       -3.55009400      -34.66115096       21.60000765        0.47296506
 505        1.98236800        1.08981600       -3.55009400      -34.66114936       28.79999933        0.47296515
 506        1.83014600        1.32967900       -3.55009400      -34.66115017       36.00000202        0.47296510
 507        1.64906200        1.54857200       -3.55009400      -34.66115011       43.19999457        0.47296511
 508        1.44197100        1.74304300       -3.55009400      -34.66115111       50.39999170        0.47296505
 509        1.21213900        1.91002600       -3.55009400      -34.66115041       57.60000766        0.47296509
 510        0.96319100        2.04688600       -3.55009400      -34.66115115       64.80001007        0.47296505
 511        0.69905400        2.15146600       -3.55009400      -34.66114892       71.99999227        0.47296518
 512        0.42389100        2.22211500       -3.55009400      -34.66115153       79.20000266        0.47296503
 513        0.14204400        2.25772100       -3.55009400      -34.66115018       86.39999407        0.47296510
 514       -0.14204400        2.25772100       -3.55009400      -34.66115018       93.60000593        0.47296510
 515       -0.42389100        2.22211500       -3.55009400      -34.66115153      100.79999734        0.47296503
 516       -0.69905400        2.15146600       -3.55009400      -34.66114892      108.00000773        0.47296518
 517       -0.96319100        2.04688600       -3.55009400      -34.66115115      115.19998993        0.47296505
 518       -1.21213900        1.91002600       -3.55009400      -34.66115041      122.39999234        0.47296509
 519       -1.44197100        1.74304300       -3.55009400      -34.66115111      129.60000830        0.47296505
 520       -1.64906200        1.54857200       -3.55009400      -34.66115011      136.80000543        0.47296511
 521       -1.83014600        1.32967900       -3.55009400      -34.66115017      143.99999798        0.47296510
 522       -1.98236800        1.08981600       -3.55009400      -34.66114936      151.20000067        0.47296515
 523       -2.10332600        0.83276600       -3.55009400      -34.66115096      158.39999235        0.47296506
 524       -2.19111400        0.56258300       -3.55009400      -34.66115047      165.59998665        0.47296509
 525       -2.24434700        0.28352700       -3.55009400      -34.66114990      172.79999903        0.47296512
 526       -2.26218500        0.00000000       -3.55009400      -34.66114993      180.00000000        0.47296512
 527       -2.24434700       -0.28352700       -3.55009400      -34.66114990      187.20000097        0.47296512
 528       -2.19111400       -0.56258300       -3.55009400      -34.66115047      194.40001335        0.47296509
 529       -2.10332600       -0.83276600       -3.55009400      -34.66115096      201.60000765        0.47296506
 530       -1.98236800       -1.08981600       -3.55009400      -34.66114936      208.79999933        0.47296515
 531       -1.83014600       -1.32967900       -3.55009400      -34.66115017      216.00000202        0.47296510
 532       -1.64906200       -1.54857200       -3.55009400      -34.66115011      223.19999457        0.47296511
 533       -1.44197100       -1.74304300       -3.55009400      -34.66115111      230.39999170        0.47296505
 534       -1.21213900       -1.91002600       -3.55009400      -34.66115041      237.60000766        0.47296509
 535       -0.96319100       -2.04688600       -3.55009400      -34.66115115      244.80001007        0.47296505
 536       -0.69905400       -2.15146600       -3.55009400      -34.66114892      251.99999227        0.47296518
 537       -0.42389100       -2.22211500       -3.55009400      -34.66115153      259.20000266        0.47296503
 538       -0.14204400       -2.25772100       -3.55009400      -34.66115018      266.39999407        0.47296510
 539        0.14204400       -2.25772100       -3.55009400      -34.66115018      273.60000593        0.47296510
 540        0.42389100       -2.22211500       -3.55009400      -34.66115153      280.79999734        0.47296503
 541        0.69905400       -2.15146600       -3.55009400      -34.66114892      288.00000773        0.47296518
 542        0.96319100       -2.04688600       -3.55009400      -34.66115115      295.19998993        0.47296505
 543        1.21213900       -1.91002600       -3.55009400      -34.66115041      302.39999234        0.47296509
 544        1.44197100       -1.74304300       -3.55009400      -34.66115111      309.60000830        0.47296505
 545        1.64906200       -1.54857200       -3.55009400      -34.66115011      316.80000543        0.47296511
 546        1.83014600       -1.32967900       -3.55009400      -34.66115017      323.99999798        0.47296510
 547        1.98236800       -1.08981600       -3.55009400      -34.66114936      331.20000067        0.47296515
 548        2.10332600       -0.83276600       -3.55009400      -34.66115096      338.39999235        0.47296506
 549        2.19111400       -0.56258300       -3.55009400      -34.66115047      345.59998665        0.47296509
 550        2.24434700       -0.28352700       -3.55009400      -34.66114990      352.79999903        0.47296512
 551        2.07458900        0.00000000       -4.05377300      -40.56413123        0.00000000        0.46985518
 552        2.05823000        0.26001500       -4.05377300      -40.56413218        7.20000229        0.46985514
 553        2.00941200        0.51592900       -4.05377300      -40.56413142       14.39999166        0.46985517
 554        1.92890400        0.76370700       -4.05377300      -40.56413171       21.59999692        0.46985516
 555        1.81797600        0.99944100       -4.05377300      -40.56413168       28.80000572        0.46985516
 556        1.67837800        1.21941300       -4.05377300      -40.56413003       36.00000011        0.46985524
 557        1.51231000        1.42015400       -4.05377300      -40.56413181       43.20000769        0.46985515
 558        1.32239300        1.59849800       -4.05377300      -40.56413163       50.39999045        0.46985516
 559        1.11162000        1.75163400       -4.05377300      -40.56413010       57.60001722        0.46985523
 560        0.88331700        1.87714400       -4.05377300      -40.56413219       64.79999793        0.46985514
 561        0.64108300        1.97305100       -4.05377300      -40.56413301       72.00000346        0.46985510
 562        0.38873900        2.03784200       -4.05377300      -40.56413266       79.20000412        0.46985512
 563        0.13026500        2.07049500       -4.05377300      -40.56413219       86.39998633        0.46985514
 564       -0.13026500        2.07049500       -4.05377300      -40.56413219       93.60001367        0.46985514
 565       -0.38873900        2.03784200       -4.05377300      -40.56413266      100.79999588        0.46985512
 566       -0.64108300        1.97305100       -4.05377300      -40.56413301      107.99999654        0.46985510
 567       -0.88331700        1.87714400       -4.05377300      -40.56413219      115.20000207        0.46985514
 568       -1.11162000        1.75163400       -4.05377300      -40.56413010      122.39998278        0.46985523
 569       -1.32239300        1.59849800       -4.05377300      -40.56413163      129.60000955        0.46985516
 570       -1.51231000        1.42015400       -4.05377300      -40.56413181      136.79999231        0.46985515
 571       -1.67837800        1.21941300       -4.05377300      -40.56413003      143.99999989        0.46985524
 572       -1.81797600        0.99944100       -4.05377300      -40.56413168      151.19999428        0.46985516
 573       -1.92890400        0.76370700       -4.05377300      -40.56413171      158.40000308        0.46985516
 574       -2.00941200        0.51592900       -4.05377300      -40.56413142      165.60000834        0.46985517
 575       -2.05823000        0.26001500       -4.05377300      -40.56413218      172.79999771        0.46985514
 576       -2.07458900        0.00000000       -4.05377300      -40.56413123      180.00000000        0.46985518
 577       -2.05823000       -0.26001500       -4.05377300      -40.56413218      187.20000229        0.46985514
 578       -2.00941200       -0.51592900       -4.05377300      -40.56413142      194.39999166        0.46985517
 579       -1.92890400       -0.76370700       -4.05377300      -40.56413171      201.59999692        0.46985516
 580       -1.81797600       -0.99944100       -4.05377300      -40.56413168      208.80000572        0.46985516
 581       -1.67837800       -1.21941300       -4.05377300      -40.56413003      216.00000011        0.46985524
 582       -1.51231000       -1.42015400       -4.05377300      -40.56413181      223.20000769        0.46985515
 583       -1.32239300       -1.59849800       -4.05377300      -40.56413163      230.39999045        0.46985516
 584       -1.11162000       -1.75163400       -4.05377300      -40.56413010      237.60001722        0.46985523
 585       -0.88331700       -1.87714400       -4.05377300      -40.56413219      244.79999793        0.46985514
 586       -0.64108300       -1.97305100       -4.05377300      -40.56413301      252.00000346        0.46985510
 587       -0.38873900       -2.03784200       -4.05377300      -40.56413266      259.20000412        0.46985512
 588       -0.13026500       -2.07049500       -4.05377300      -40.56413219      266.39998633        0.46985514
 589        0.13026500       -2.07049500       -4.05377300      -40.56413219      273.60001367        0.46985514
 590        0.38873900       -2.03784200       -4.05377300      -40.56413266      280.79999588        0.46985512
 591        0.64108300       -1.97305100       -4.05377300      -40.56413301      287.99999654        0.46985510
 592        0.88331700       -1.87714400       -4.05377300      -40.56413219      295.20000207        0.46985514
 593        1.11162000       -1.75163400       -4.05377300      -40.56413010      302.39998278        0.46985523
 594        1.32239300       -1.59849800       -4.05377300      -40.56413163      309.60000955        0.46985516
 595        1.51231000       -1.42015400       -4.05377300      -40.56413181      316.79999231        0.46985515
 596        1.67837800       -1.21941300       -4.05377300      -40.56413003      323.99999989        0.46985524
 597        1.81797600       -0.99944100       -4.05377300      -40.56413168      331.19999428        0.46985516
 598        1.92890400       -0.76370700       -4.05377300      -40.56413171      338.40000308        0.46985516
 599        2.00941200       -0.51592900       -4.05377300      -40.56413142      345.60000834        0.46985517
 600        2.05823000       -0.26001500       -4.05377300      -40.56413218      352.79999771        0.46985514
 601        1.87279200        0.00000000       -4.51841200      -46.49862562        0.00000000        0.46820759
 602        1.85802500        0.23472300       -4.51841200      -46.49862303        7.19999565        0.46820769
 603        1.81395500        0.46574400       -4.51841200      -46.49862516       14.39998567        0.46820761
 604        1.74127800        0.68942100       -4.51841200      -46.49862493       21.60000764        0.46820761
 605        1.64114000        0.90222500       -4.51841200      -46.49862484       28.80001743        0.46820762
 606        1.51512100        1.10080000       -4.51841200      -46.49862236       36.00000392        0.46820771
 607        1.36520700        1.28201400       -4.51841200      -46.49862539       43.19998425        0.46820760
 608        1.19376300        1.44301100       -4.51841200      -46.49862431       50.39998864        0.46820764
 609        1.00349200        1.58125100       -4.51841200      -46.49862421       57.60001030        0.46820764
 610        0.79739600        1.69455300       -4.51841200      -46.49862511       64.80000317        0.46820761
 611        0.57872500        1.78113100       -4.51841200      -46.49862509       71.99998672        0.46820761
 612        0.35092600        1.83962000       -4.51841200      -46.49862437       79.20000851        0.46820764
 613        0.11759400        1.86909700       -4.51841200      -46.49862282       86.39998827        0.46820769
 614       -0.11759400        1.86909700       -4.51841200      -46.49862282       93.60001173        0.46820769
 615       -0.35092600        1.83962000       -4.51841200      -46.49862437      100.79999149        0.46820764
 616       -0.57872500        1.78113100       -4.51841200      -46.49862509      108.00001328        0.46820761
 617       -0.79739600        1.69455300       -4.51841200      -46.49862511      115.19999683        0.46820761
 618       -1.00349200        1.58125100       -4.51841200      -46.49862421      122.39998970        0.46820764
 619       -1.19376300        1.44301100       -4.51841200      -46.49862431      129.60001136        0.46820764
 620       -1.36520700        1.28201400       -4.51841200      -46.49862539      136.80001575        0.46820760
 621       -1.51512100        1.10080000       -4.51841200      -46.49862236      143.99999608        0.46820771
 622       -1.64114000        0.90222500       -4.51841200      -46.49862484      151.19998257        0.46820762
 623       -1.74127800        0.68942100       -4.51841200      -46.49862493      158.39999236        0.46820761
 624       -1.81395500        0.46574400       -4.51841200      -46.49862516      165.60001433        0.46820761
 625       -1.85802500        0.23472300       -4.51841200      -46.49862303      172.80000435        0.46820769
 626       -1.87279200        0.00000000       -4.51841200      -46.49862562      180.00000000        0.46820759
 627       -1.85802500       -0.23472300       -4.51841200      -46.49862303      187.19999565        0.46820769
 628       -1.81395500       -0.46574400       -4.51841200      -46.49862516      194.39998567        0.46820761
 629       -1.74127800       -0.68942100       -4.51841200      -46.49862493      201.60000764        0.46820761
 630       -1.64114000       -0.90222500       -4.51841200      -46.49862484      208.80001743        0.46820762
 631       -1.51512100       -1.10080000       -4.51841200      -46.49862236      216.00000392        0.46820771
 632       -1.36520700       -1.28201400       -4.51841200      -46.49862539      223.19998425        0.46820760
 633       -1.19376300       -1.44301100       -4.51841200      -46.49862431      230.39998864        0.46820764
 634       -1.00349200       -1.58125100       -4.51841200      -46.49862421      237.60001030        0.46820764
 635       -0.79739600       -1.69455300       -4.51841200      -46.49862511      244.80000317        0.46820761
 636       -0.57872500       -1.78113100       -4.51841200      -46.49862509      251.99998672        0.46820761
 637       -0.35092600       -1.83962000       -4.51841200      -46.49862437      259.20000851        0.46820764
 638       -0.11759400       -1.86909700       -4.51841200      -46.49862282      266.39998827        0.46820769
 639        0.11759400       -1.86909700       -4.51841200      -46.49862282      273.60001173        0.46820769
 640        0.35092600       -1.83962000       -4.51841200      -46.49862437      280.79999149        0.46820764
 641        0.57872500       -1.78113100       -4.51841200      -46.49862509      288.00001328        0.46820761
 642        0.79739600       -1.69455300       -4.51841200      -46.49862511      295.19999683        0.46820761
 643        1.00349200       -1.58125100       -4.51841200      -46.49862421      302.39998970        0.46820764
 644        1.19376300       -1.44301100       -4.51841200      -46.49862431      309.60001136        0.46820764
 645        1.36520700       -1.28201400       -4.51841200      -46.49862539      316.80001575        0.46820760
 646        1.51512100       -1.10080000       -4.51841200      -46.49862236      323.99999608        0.46820771
 647        1.64114000       -0.90222500       -4.51841200      -46.49862484      331.19998257        0.46820762
 648        1.74127800       -0.68942100       -4.51841200      -46.49862493      338.39999236        0.46820761
 649        1.81395500       -0.46574400       -4.51841200      -46.49862516      345.60001433        0.46820761
 650        1.85802500       -0.23472300       -4.51841200      -46.49862303      352.80000435        0.46820769
 651        1.65873800        0.00000000       -4.93953700      -52.45578032        0.00000000        0.46843676
 652        1.64565800        0.20789500       -4.93953700      -52.45578261        7.20000164        0.46843669
 653        1.60662500        0.41251100       -4.93953700      -52.45578528       14.39999373        0.46843661
 654        1.54225500        0.61062200       -4.93953700      -52.45578431       21.60000157        0.46843664
 655        1.45356300        0.79910300       -4.93953700      -52.45578180       28.79999935        0.46843672
 656        1.34194700        0.97498200       -4.93953700      -52.45578052       36.00001213        0.46843676
 657        1.20916800        1.13548400       -4.93953700      -52.45578147       43.19999164        0.46843673
 658        1.05731900        1.27807900       -4.93953700      -52.45578493       50.39999738        0.46843662
 659        0.88879600        1.40051800       -4.93953700      -52.45578571       57.59999269        0.46843660
 660        0.70625600        1.50087100       -4.93953700      -52.45578122       64.80000885        0.46843673
 661        0.51257800        1.57755300       -4.93953700      -52.45578439       72.00000137        0.46843664
 662        0.31081600        1.62935700       -4.93953700      -52.45578215       79.20001597        0.46843671
 663        0.10415300        1.65546400       -4.93953700      -52.45578590       86.39999885        0.46843659
 664       -0.10415300        1.65546400       -4.93953700      -52.45578590       93.60000115        0.46843659
 665       -0.31081600        1.62935700       -4.93953700      -52.45578215      100.79998403        0.46843671
 666       -0.51257800        1.57755300       -4.93953700      -52.45578439      107.99999863        0.46843664
 667       -0.70625600        1.50087100       -4.93953700      -52.45578122      115.19999115        0.46843673
 668       -0.88879600        1.40051800       -4.93953700      -52.45578571      122.40000731        0.46843660
 669       -1.05731900        1.27807900       -4.93953700      -52.45578493      129.60000262        0.46843662
 670       -1.20916800        1.13548400       -4.93953700      -52.45578147      136.80000836        0.46843673
 671       -1.34194700        0.97498200       -4.93953700      -52.45578052      143.99998787        0.46843676
 672       -1.45356300        0.79910300       -4.93953700      -52.45578180      151.20000065        0.46843672
 673       -1.54225500        0.61062200       -4.93953700      -52.45578431      158.39999843        0.46843664
 674       -1.60662500        0.41251100       -4.93953700      -52.45578528      165.60000627        0.46843661
 675       -1.64565800        0.20789500       -4.93953700      -52.45578261      172.79999836        0.46843669
 676       -1.65873800        0.00000000       -4.93953700      -52.45578032      180.00000000        0.46843676
 677       -1.64565800       -0.20789500       -4.93953700      -52.45578261      187.20000164        0.46843669
 678       -1.60662500       -0.41251100       -4.93953700      -52.45578528      194.39999373        0.46843661
 679       -1.54225500       -0.61062200       -4.93953700      -52.45578431      201.60000157        0.46843664
 680       -1.45356300       -0.79910300       -4.93953700      -52.45578180      208.79999935        0.46843672
 681       -1.34194700       -0.97498200       -4.93953700      -52.45578052      216.00001213        0.46843676
 682       -1.20916800       -1.13548400       -4.93953700      -52.45578147      223.19999164        0.46843673
 683       -1.05731900       -1.27807900       -4.93953700      -52.45578493      230.39999738        0.46843662
 684       -0.88879600       -1.40051800       -4.93953700      -52.45578571      237.59999269        0.46843660
 685       -0.70625600       -1.50087100       -4.93953700      -52.45578122      244.80000885        0.46843673
 686       -0.51257800       -1.57755300       -4.93953700      -52.45578439      252.00000137        0.46843664
 687       -0.31081600       -1.62935700       -4.93953700      -52.45578215      259.20001597        0.46843671
 688       -0.10415300       -1.65546400       -4.93953700      -52.45578590      266.39999885        0.46843659
 689        0.10415300       -1.65546400       -4.93953700      -52.45578590      273.60000115        0.46843659
 690        0.31081600       -1.62935700       -4.93953700      -52.45578215      280.79998403        0.46843671
 691        0.51257800       -1.57755300       -4.93953700      -52.45578439      287.99999863        0.46843664
 692        0.70625600       -1.50087100       -4.93953700      -52.45578122      295.19999115        0.46843673
 693        0.88879600       -1.40051800       -4.93953700      -52.45578571      302.40000731        0.46843660
 694        1.05731900       -1.27807900       -4.93953700      -52.45578493      309.60000262        0.46843662
 695        1.20916800       -1.13548400       -4.93953700      -52.45578147      316.80000836        0.46843673
 696        1.34194700       -0.97498200       -4.93953700      -52.45578052      323.99998787        0.46843676
 697        1.45356300       -0.79910300       -4.93953700      -52.45578180      331.20000065        0.46843672
 698        1.54225500       -0.61062200       -4.93953700      -52.45578431      338.39999843        0.46843664
 699        1.60662500       -0.41251100       -4.93953700      -52.45578528      345.60000627        0.46843661
 700        1.64565800       -0.20789500       -4.93953700      -52.45578261      352.79999836        0.46843669
 701        1.43448700        0.00000000       -5.31309100      -58.41331325        0.00000000        0.47110631
 702        1.42317500        0.17978900       -5.31309100      -58.41331842        7.20000740        0.47110619
 703        1.38942000        0.35674200       -5.31309100      -58.41331372       14.39998367        0.47110630
 704        1.33375200        0.52807000       -5.31309100      -58.41331507       21.60000841        0.47110627
 705        1.25705000        0.69106900       -5.31309100      -58.41331871       28.79999701        0.47110618
 706        1.16052400        0.84317000       -5.31309100      -58.41331715       35.99999868        0.47110622
 707        1.04569600        0.98197400       -5.31309100      -58.41331294       43.20000273        0.47110632
 708        0.91437600        1.10529100       -5.31309100      -58.41331697       50.40000728        0.47110622
 709        0.76863600        1.21117700       -5.31309100      -58.41331882       57.60001001        0.47110618
 710        0.61077500        1.29796200       -5.31309100      -58.41331758       64.79998394        0.47110621
 711        0.44328100        1.36427800       -5.31309100      -58.41331454       71.99999215        0.47110628
 712        0.26879600        1.40907800       -5.31309100      -58.41331572       79.20000017        0.47110625
 713        0.09007200        1.43165600       -5.31309100      -58.41331639       86.40000641        0.47110624
 714       -0.09007200        1.43165600       -5.31309100      -58.41331639       93.59999359        0.47110624
 715       -0.26879600        1.40907800       -5.31309100      -58.41331572      100.79999983        0.47110625
 716       -0.44328100        1.36427800       -5.31309100      -58.41331454      108.00000785        0.47110628
 717       -0.61077500        1.29796200       -5.31309100      -58.41331758      115.20001606        0.47110621
 718       -0.76863600        1.21117700       -5.31309100      -58.41331882      122.39998999        0.47110618
 719       -0.91437600        1.10529100       -5.31309100      -58.41331697      129.59999272        0.47110622
 720       -1.04569600        0.98197400       -5.31309100      -58.41331294      136.79999727        0.47110632
 721       -1.16052400        0.84317000       -5.31309100      -58.41331715      144.00000132        0.47110622
 722       -1.25705000        0.69106900       -5.31309100      -58.41331871      151.20000299        0.47110618
 723       -1.33375200        0.52807000       -5.31309100      -58.41331507      158.39999159        0.47110627
 724       -1.38942000        0.35674200       -5.31309100      -58.41331372      165.60001633        0.47110630
 725       -1.42317500        0.17978900       -5.31309100      -58.41331842      172.79999260        0.47110619
 726       -1.43448700        0.00000000       -5.31309100      -58.41331325      180.00000000        0.47110631
 727       -1.42317500       -0.17978900       -5.31309100      -58.41331842      187.20000740        0.47110619
 728       -1.38942000       -0.35674200       -5.31309100      -58.41331372      194.39998367        0.47110630
 729       -1.33375200       -0.52807000       -5.31309100      -58.41331507      201.60000841        0.47110627
 730       -1.25705000       -0.69106900       -5.31309100      -58.41331871      208.79999701        0.47110618
 731       -1.16052400       -0.84317000       -5.31309100      -58.41331715      215.99999868        0.47110622
 732       -1.04569600       -0.98197400       -5.31309100      -58.41331294      223.20000273        0.47110632
 733       -0.91437600       -1.10529100       -5.31309100      -58.41331697      230.40000728        0.47110622
 734       -0.76863600       -1.21117700       -5.31309100      -58.41331882      237.60001001        0.47110618
 735       -0.61077500       -1.29796200       -5.31309100      -58.41331758      244.79998394        0.47110621
 736       -0.44328100       -1.36427800       -5.31309100      -58.41331454      251.99999215        0.47110628
 737       -0.26879600       -1.40907800       -5.31309100      -58.41331572      259.20000017        0.47110625
 738       -0.09007200       -1.43165600       -5.31309100      -58.41331639      266.40000641        0.47110624
 739        0.09007200       -1.43165600       -5.31309100      -58.41331639      273.59999359        0.47110624
 740        0.26879600       -1.40907800       -5.31309100      -58.41331572      280.79999983        0.47110625
 741        0.44328100       -1.36427800       -5.31309100      -58.41331454      288.00000785        0.47110628
 742        0.61077500       -1.29796200       -5.31309100      -58.41331758      295.20001606        0.47110621
 743        0.76863600       -1.21117700       -5.31309100      -58.41331882      302.39998999        0.47110618
 744        0.91437600       -1.10529100       -5.31309100      -58.41331697      309.59999272        0.47110622
 745        1.04569600       -0.98197400       -5.31309100      -58.41331294      316.79999727        0.47110632
 746        1.16052400       -0.84317000       -5.31309100      -58.41331715      324.00000132        0.47110622
 747        1.25705000       -0.69106900       -5.31309100      -58.41331871      331.20000299        0.47110618
 748        1.33375200       -0.52807000       -5.31309100      -58.41331507      338.39999159        0.47110627
 749        1.38942000       -0.35674200       -5.31309100      -58.41331372      345.60001633        0.47110630
 750        1.42317500       -0.17978900       -5.31309100      -58.41331842      352.79999260        0.47110619
 751        0.96411300        0.00000000       -5.90359000      -70.09618985        0.00000000        0.48601028
 752        0.95651000        0.12083500       -5.90359000      -70.09619935        7.19998150        0.48601014
 753        0.93382300        0.23976500       -5.90359000      -70.09619817       14.40000030        0.48601016
 754        0.89640900        0.35491300       -5.90359000      -70.09620033       21.59997622        0.48601013
 755        0.84485800        0.46446500       -5.90359000      -70.09619732       28.80002000        0.48601017
 756        0.77998300        0.56669100       -5.90359000      -70.09620143       36.00000862        0.48601012
 757        0.70280800        0.65998000       -5.90359000      -70.09619794       43.19997221        0.48601016
 758        0.61454800        0.74286100       -5.90359000      -70.09620456       50.40000298        0.48601007
 759        0.51659700        0.81402700       -5.90359000      -70.09619976       57.60001219        0.48601014
 760        0.41049900        0.87235500       -5.90359000      -70.09619801       64.80000557        0.48601016
 761        0.29792700        0.91692500       -5.90359000      -70.09620291       71.99999957        0.48601009
 762        0.18065700        0.94703500       -5.90359000      -70.09620094       79.19997596        0.48601012
 763        0.06053700        0.96221000       -5.90359000      -70.09619707       86.40000723        0.48601018
 764       -0.06053700        0.96221000       -5.90359000      -70.09619707       93.59999277        0.48601018
 765       -0.18065700        0.94703500       -5.90359000      -70.09620094      100.80002404        0.48601012
 766       -0.29792700        0.91692500       -5.90359000      -70.09620291      108.00000043        0.48601009
 767       -0.41049900        0.87235500       -5.90359000      -70.09619801      115.19999443        0.48601016
 768       -0.51659700        0.81402700       -5.90359000      -70.09619976      122.39998781        0.48601014
 769       -0.61454800        0.74286100       -5.90359000      -70.09620456      129.59999702        0.48601007
 770       -0.70280800        0.65998000       -5.90359000      -70.09619794      136.80002779        0.48601016
 771       -0.77998300        0.56669100       -5.90359000      -70.09620143      143.99999138        0.48601012
 772       -0.84485800        0.46446500       -5.90359000      -70.09619732      151.19998000        0.48601017
 773       -0.89640900        0.35491300       -5.90359000      -70.09620033      158.40002378        0.48601013
 774       -0.93382300        0.23976500       -5.90359000      -70.09619817      165.59999970        0.48601016
 775       -0.95651000        0.12083500       -5.90359000      -70.09619935      172.80001850        0.48601014
 776       -0.96411300        0.00000000       -5.90359000      -70.09618985      180.00000000        0.48601028
 777       -0.95651000       -0.12083500       -5.90359000      -70.09619935      187.19998150        0.48601014
 778       -0.93382300       -0.23976500       -5.90359000      -70.09619817      194.40000030        0.48601016
 779       -0.89640900       -0.35491300       -5.90359000      -70.09620033      201.59997622        0.48601013
 780       -0.84485800       -0.46446500       -5.90359000      -70.09619732      208.80002000        0.48601017
 781       -0.77998300       -0.56669100       -5.90359000      -70.09620143      216.00000862        0.48601012
 782       -0.70280800       -0.65998000       -5.90359000      -70.09619794      223.19997221        0.48601016
 783       -0.61454800       -0.74286100       -5.90359000      -70.09620456      230.40000298        0.48601007
 784       -0.51659700       -0.81402700       -5.90359000      -70.09619976      237.60001219        0.48601014
 785       -0.41049900       -0.87235500       -5.90359000      -70.09619801      244.80000557        0.48601016
 786       -0.29792700       -0.91692500       -5.90359000      -70.09620291      251.99999957        0.48601009
 787       -0.18065700       -0.94703500       -5.90359000      -70.09620094      259.19997596        0.48601012
 788       -0.06053700       -0.96221000       -5.90359000      -70.09619707      266.40000723        0.48601018
 789        0.06053700       -0.96221000       -5.90359000      -70.09619707      273.59999277        0.48601018
 790        0.18065700       -0.94703500       -5.90359000      -70.09620094      280.80002404        0.48601012
 791        0.29792700       -0.91692500       -5.90359000      -70.09620291      288.00000043        0.48601009
 792        0.41049900       -0.87235500       -5.90359000      -70.09619801      295.19999443        0.48601016
 793        0.51659700       -0.81402700       -5.90359000      -70.09619976      302.39998781        0.48601014
 794        0.61454800       -0.74286100       -5.90359000      -70.09620456      309.59999702        0.48601007
 795        0.70280800       -0.65998000       -5.90359000      -70.09619794      316.80002779        0.48601016
 796        0.77998300       -0.56669100       -5.90359000      -70.09620143      323.99999138        0.48601012
 797        0.84485800       -0.46446500       -5.90359000      -70.09619732      331.19998000        0.48601017
 798        0.89640900       -0.35491300       -5.90359000      -70.09620033      338.40002378        0.48601013
 799        0.93382300       -0.23976500       -5.90359000      -70.09619817      345.59999970        0.48601016
 800        0.95651000       -0.12083500       -5.90359000      -70.09619935      352.80001850        0.48601014
 801        0.23813000        0.00000000       -6.35923000      -85.51826468        0.00000000        0.52006234
 802        0.23625300        0.02984600       -6.35923000      -85.51825053        7.20007289        0.52006238
 803        0.23064900        0.05922100       -6.35923000      -85.51825731       14.40009374        0.52006236
 804        0.22140800        0.08766200       -6.35923000      -85.51825574       21.60008309        0.52006237
 805        0.20867500        0.11472000       -6.35923000      -85.51826325       28.79998903        0.52006235
 806        0.19265100        0.13996900       -6.35923000      -85.51827116       35.99997186        0.52006232
 807        0.17359000        0.16301100       -6.35923000      -85.51825784       43.19984909        0.52006236
 808        0.15179000        0.18348300       -6.35923000      -85.51825240       50.40006275        0.52006238
 809        0.12759700        0.20106000       -6.35923000      -85.51825615       57.59990979        0.52006237
 810        0.10139100        0.21546700       -6.35923000      -85.51825442       64.80001611        0.52006237
 811        0.07358600        0.22647500       -6.35923000      -85.51826745       72.00004307        0.52006233
 812        0.04462100        0.23391200       -6.35923000      -85.51826620       79.20002373        0.52006234
 813        0.01495200        0.23766000       -6.35923000      -85.51826695       86.40007200        0.52006233
 814       -0.01495200        0.23766000       -6.35923000      -85.51826695       93.59992800        0.52006233
 815       -0.04462100        0.23391200       -6.35923000      -85.51826620      100.79997627        0.52006234
 816       -0.07358600        0.22647500       -6.35923000      -85.51826745      107.99995693        0.52006233
 817       -0.10139100        0.21546700       -6.35923000      -85.51825442      115.19998389        0.52006237
 818       -0.12759700        0.20106000       -6.35923000      -85.51825615      122.40009021        0.52006237
 819       -0.15179000        0.18348300       -6.35923000      -85.51825240      129.59993725        0.52006238
 820       -0.17359000        0.16301100       -6.35923000      -85.51825784      136.80015091        0.52006236
 821       -0.19265100        0.13996900       -6.35923000      -85.51827116      144.00002814        0.52006232
 822       -0.20867500        0.11472000       -6.35923000      -85.51826325      151.20001097        0.52006235
 823       -0.22140800        0.08766200       -6.35923000      -85.51825574      158.39991691        0.52006237
 824       -0.23064900        0.05922100       -6.35923000      -85.51825731      165.59990626        0.52006236
 825       -0.23625300        0.02984600       -6.35923000      -85.51825053      172.79992711        0.52006238
 826       -0.23813000        0.00000000       -6.35923000      -85.51826468      180.00000000        0.52006234
 827       -0.23625300       -0.02984600       -6.35923000      -85.51825053      187.20007289        0.52006238
 828       -0.23064900       -0.05922100       -6.35923000      -85.51825731      194.40009374        0.52006236
 829       -0.22140800       -0.08766200       -6.35923000      -85.51825574      201.60008309        0.52006237
 830       -0.20867500       -0.11472000       -6.35923000      -85.51826325      208.79998903        0.52006235
 831       -0.19265100       -0.13996900       -6.35923000      -85.51827116      215.99997186        0.52006232
 832       -0.17359000       -0.16301100       -6.35923000      -85.51825784      223.19984909        0.52006236
 833       -0.15179000       -0.18348300       -6.35923000      -85.51825240      230.40006275        0.52006238
 834       -0.12759700       -0.20106000       -6.35923000      -85.51825615      237.59990979        0.52006237
 835       -0.10139100       -0.21546700       -6.35923000      -85.51825442      244.80001611        0.52006237
 836       -0.07358600       -0.22647500       -6.35923000      -85.51826745      252.00004307        0.52006233
 837       -0.04462100       -0.23391200       -6.35923000      -85.51826620      259.20002373        0.52006234
 838       -0.01495200       -0.23766000       -6.35923000      -85.51826695      266.40007200        0.52006233
 839        0.01495200       -0.23766000       -6.35923000      -85.51826695      273.59992800        0.52006233
 840        0.04462100       -0.23391200       -6.35923000      -85.51826620      280.79997627        0.52006234
 841        0.07358600       -0.22647500       -6.35923000      -85.51826745      287.99995693        0.52006233
 842        0.10139100       -0.21546700       -6.35923000      -85.51825442      295.19998389        0.52006237
 843        0.12759700       -0.20106000       -6.35923000      -85.51825615      302.40009021        0.52006237
 844        0.15179000       -0.18348300       -6.35923000      -85.51825240      309.59993725        0.52006238
 845        0.17359000       -0.16301100       -6.35923000      -85.51825784      316.80015091        0.52006236
 846        0.19265100       -0.13996900       -6.35923000      -85.51827116      324.00002814        0.52006232
 847        0.20867500       -0.11472000       -6.35923000      -85.51826325      331.20001097        0.52006235
 848        0.22140800       -0.08766200       -6.35923000      -85.51825574      338.39991691        0.52006237
 849        0.23064900       -0.05922100       -6.35923000      -85.51825731      345.59990626        0.52006236
 850        0.23625300       -0.02984600       -6.35923000      -85.51825053      352.79992711        0.52006238
 851        0.00000000        0.00000000       -6.39000000      -90.00000000      180.00000000        0.52374493
