851 	 total number of guide points 
   1        2.03128100        0.00000000        2.25400500       22.00097929        0.00000000        0.38162895
   2        2.01526300        0.25458700        2.25400500       22.00098038        7.20000218        0.38162882
   3        1.96746400        0.50515900        2.25400500       22.00098012       14.40000285        0.38162885
   4        1.88863700        0.74776400        2.25400500       22.00097994       21.59999248        0.38162887
   5        1.78002500        0.97857700        2.25400500       22.00097949       28.79999939        0.38162892
   6        1.64334100        1.19395700        2.25400500       22.00097912       35.99999716        0.38162897
   7        1.48074000        1.39050700        2.25400500       22.00097995       43.19999147        0.38162887
   8        1.29478700        1.56512900        2.25400500       22.00097941       50.40000681        0.38162893
   9        1.08841500        1.71506700        2.25400500       22.00097946       57.59999083        0.38162893
  10        0.86487700        1.83795800        2.25400500       22.00097953       64.80000983        0.38162892
  11        0.62770000        1.93186300        2.25400500       22.00097949       72.00000910        0.38162892
  12        0.38062400        1.99530100        2.25400500       22.00097994       79.20000062        0.38162887
  13        0.12754500        2.02727200        2.25400500       22.00098038       86.40000403        0.38162882
  14       -0.12754500        2.02727200        2.25400500       22.00098038       93.59999597        0.38162882
  15       -0.38062400        1.99530100        2.25400500       22.00097994      100.79999938        0.38162887
  16       -0.62770000        1.93186300        2.25400500       22.00097949      107.99999090        0.38162892
  17       -0.86487700        1.83795800        2.25400500       22.00097953      115.19999017        0.38162892
  18       -1.08841500        1.71506700        2.25400500       22.00097946      122.40000917        0.38162893
  19       -1.29478700        1.56512900        2.25400500       22.00097941      129.59999319        0.38162893
  20       -1.48074000        1.39050700        2.25400500       22.00097995      136.80000853        0.38162887
  21       -1.64334100        1.19395700        2.25400500       22.00097912      144.00000284        0.38162897
  22       -1.78002500        0.97857700        2.25400500       22.00097949      151.20000061        0.38162892
  23       -1.88863700        0.74776400        2.25400500       22.00097994      158.40000752        0.38162887
  24       -1.96746400        0.50515900        2.25400500       22.00098012      165.59999715        0.38162885
  25       -2.01526300        0.25458700        2.25400500       22.00098038      172.79999782        0.38162882
  26       -2.03128100        0.00000000        2.25400500       22.00097929      180.00000000        0.38162895
  27       -2.01526300       -0.25458700        2.25400500       22.00098038      187.20000218        0.38162882
  28       -1.96746400       -0.50515900        2.25400500       22.00098012      194.40000285        0.38162885
  29       -1.88863700       -0.74776400        2.25400500       22.00097994      201.59999248        0.38162887
  30       -1.78002500       -0.97857700        2.25400500       22.00097949      208.79999939        0.38162892
  31       -1.64334100       -1.19395700        2.25400500       22.00097912      215.99999716        0.38162897
  32       -1.48074000       -1.39050700        2.25400500       22.00097995      223.19999147        0.38162887
  33       -1.29478700       -1.56512900        2.25400500       22.00097941      230.40000681        0.38162893
  34       -1.08841500       -1.71506700        2.25400500       22.00097946      237.59999083        0.38162893
  35       -0.86487700       -1.83795800        2.25400500       22.00097953      244.80000983        0.38162892
  36       -0.62770000       -1.93186300        2.25400500       22.00097949      252.00000910        0.38162892
  37       -0.38062400       -1.99530100        2.25400500       22.00097994      259.20000062        0.38162887
  38       -0.12754500       -2.02727200        2.25400500       22.00098038      266.40000403        0.38162882
  39        0.12754500       -2.02727200        2.25400500       22.00098038      273.59999597        0.38162882
  40        0.38062400       -1.99530100        2.25400500       22.00097994      280.79999938        0.38162887
  41        0.62770000       -1.93186300        2.25400500       22.00097949      287.99999090        0.38162892
  42        0.86487700       -1.83795800        2.25400500       22.00097953      295.19999017        0.38162892
  43        1.08841500       -1.71506700        2.25400500       22.00097946      302.40000917        0.38162893
  44        1.29478700       -1.56512900        2.25400500       22.00097941      309.59999319        0.38162893
  45        1.48074000       -1.39050700        2.25400500       22.00097995      316.80000853        0.38162887
  46        1.64334100       -1.19395700        2.25400500       22.00097912      324.00000284        0.38162897
  47        1.78002500       -0.97857700        2.25400500       22.00097949      331.20000061        0.38162892
  48        1.88863700       -0.74776400        2.25400500       22.00097994      338.40000752        0.38162887
  49        1.96746400       -0.50515900        2.25400500       22.00098012      345.59999715        0.38162885
  50        2.01526300       -0.25458700        2.25400500       22.00098038      352.79999782        0.38162882
  51        2.04721800        0.00000000        1.70977700       16.56530277        0.00000000        0.37247998
  52        2.03107500        0.25658500        1.70977700       16.56530277        7.20001548        0.37247998
  53        1.98290100        0.50912300        1.70977700       16.56530250       14.40001508        0.37248003
  54        1.90345600        0.75363100        1.70977700       16.56530203       21.59998585        0.37248010
  55        1.79399100        0.98625500        1.70977700       16.56530249       28.80000250        0.37248003
  56        1.65623400        1.20332500        1.70977700       16.56530262       36.00001274        0.37248001
  57        1.49235800        1.40141700        1.70977700       16.56530265       43.19999096        0.37248000
  58        1.30494600        1.57740900        1.70977700       16.56530234       50.40000459        0.37248005
  59        1.09695400        1.72852400        1.70977700       16.56530232       57.60001623        0.37248006
  60        0.87166300        1.85237900        1.70977700       16.56530205       64.80000994        0.37248010
  61        0.63262500        1.94702000        1.70977700       16.56530284       72.00000391        0.37247997
  62        0.38361000        2.01095700        1.70977700       16.56530197       79.20001550        0.37248011
  63        0.12854600        2.04317900        1.70977700       16.56530201       86.39999796        0.37248011
  64       -0.12854600        2.04317900        1.70977700       16.56530201       93.60000204        0.37248011
  65       -0.38361000        2.01095700        1.70977700       16.56530197      100.79998450        0.37248011
  66       -0.63262500        1.94702000        1.70977700       16.56530284      107.99999609        0.37247997
  67       -0.87166300        1.85237900        1.70977700       16.56530205      115.19999006        0.37248010
  68       -1.09695400        1.72852400        1.70977700       16.56530232      122.39998377        0.37248006
  69       -1.30494600        1.57740900        1.70977700       16.56530234      129.59999541        0.37248005
  70       -1.49235800        1.40141700        1.70977700       16.56530265      136.80000904        0.37248000
  71       -1.65623400        1.20332500        1.70977700       16.56530262      143.99998726        0.37248001
  72       -1.79399100        0.98625500        1.70977700       16.56530249      151.19999750        0.37248003
  73       -1.90345600        0.75363100        1.70977700       16.56530203      158.40001415        0.37248010
  74       -1.98290100        0.50912300        1.70977700       16.56530250      165.59998492        0.37248003
  75       -2.03107500        0.25658500        1.70977700       16.56530277      172.79998452        0.37247998
  76       -2.04721800        0.00000000        1.70977700       16.56530277      180.00000000        0.37247998
  77       -2.03107500       -0.25658500        1.70977700       16.56530277      187.20001548        0.37247998
  78       -1.98290100       -0.50912300        1.70977700       16.56530250      194.40001508        0.37248003
  79       -1.90345600       -0.75363100        1.70977700       16.56530203      201.59998585        0.37248010
  80       -1.79399100       -0.98625500        1.70977700       16.56530249      208.80000250        0.37248003
  81       -1.65623400       -1.20332500        1.70977700       16.56530262      216.00001274        0.37248001
  82       -1.49235800       -1.40141700        1.70977700       16.56530265      223.19999096        0.37248000
  83       -1.30494600       -1.57740900        1.70977700       16.56530234      230.40000459        0.37248005
  84       -1.09695400       -1.72852400        1.70977700       16.56530232      237.60001623        0.37248006
  85       -0.87166300       -1.85237900        1.70977700       16.56530205      244.80000994        0.37248010
  86       -0.63262500       -1.94702000        1.70977700       16.56530284      252.00000391        0.37247997
  87       -0.38361000       -2.01095700        1.70977700       16.56530197      259.20001550        0.37248011
  88       -0.12854600       -2.04317900        1.70977700       16.56530201      266.39999796        0.37248011
  89        0.12854600       -2.04317900        1.70977700       16.56530201      273.60000204        0.37248011
  90        0.38361000       -2.01095700        1.70977700       16.56530197      280.79998450        0.37248011
  91        0.63262500       -1.94702000        1.70977700       16.56530284      287.99999609        0.37247997
  92        0.87166300       -1.85237900        1.70977700       16.56530205      295.19999006        0.37248010
  93        1.09695400       -1.72852400        1.70977700       16.56530232      302.39998377        0.37248006
  94        1.30494600       -1.57740900        1.70977700       16.56530234      309.59999541        0.37248005
  95        1.49235800       -1.40141700        1.70977700       16.56530265      316.80000904        0.37248000
  96        1.65623400       -1.20332500        1.70977700       16.56530262      323.99998726        0.37248001
  97        1.79399100       -0.98625500        1.70977700       16.56530249      331.19999750        0.37248003
  98        1.90345600       -0.75363100        1.70977700       16.56530203      338.40001415        0.37248010
  99        1.98290100       -0.50912300        1.70977700       16.56530250      345.59998492        0.37248003
 100        2.03107500       -0.25658500        1.70977700       16.56530277      352.79998452        0.37247998
 101        2.04729300        0.00000000        1.14908200       11.07959864        0.00000000        0.36418204
 102        2.03114900        0.25659400        1.14908200       11.07959895        7.20000581        0.36418196
 103        1.98297300        0.50914100        1.14908200       11.07959899       14.40000189        0.36418195
 104        1.90352400        0.75365900        1.14908200       11.07959915       21.60001387        0.36418191
 105        1.79405600        0.98629100        1.14908200       11.07959893       28.80000902        0.36418197
 106        1.65629400        1.20336800        1.14908200       11.07959933       35.99999932        0.36418187
 107        1.49241200        1.40146800        1.14908200       11.07959905       43.19999689        0.36418194
 108        1.30499300        1.57746600        1.14908200       11.07959911       50.40000793        0.36418192
 109        1.09699400        1.72858600        1.14908200       11.07959917       57.60000078        0.36418191
 110        0.87169500        1.85244600        1.14908200       11.07959869       64.79999799        0.36418203
 111        0.63264800        1.94709100        1.14908200       11.07959893       72.00000576        0.36418197
 112        0.38362400        2.01102900        1.14908200       11.07959923       79.20000821        0.36418189
 113        0.12855100        2.04325300        1.14908200       11.07959871       86.39998834        0.36418202
 114       -0.12855100        2.04325300        1.14908200       11.07959871       93.60001166        0.36418202
 115       -0.38362400        2.01102900        1.14908200       11.07959923      100.79999179        0.36418189
 116       -0.63264800        1.94709100        1.14908200       11.07959893      107.99999424        0.36418197
 117       -0.87169500        1.85244600        1.14908200       11.07959869      115.20000201        0.36418203
 118       -1.09699400        1.72858600        1.14908200       11.07959917      122.39999922        0.36418191
 119       -1.30499300        1.57746600        1.14908200       11.07959911      129.59999207        0.36418192
 120       -1.49241200        1.40146800        1.14908200       11.07959905      136.80000311        0.36418194
 121       -1.65629400        1.20336800        1.14908200       11.07959933      144.00000068        0.36418187
 122       -1.79405600        0.98629100        1.14908200       11.07959893      151.19999098        0.36418197
 123       -1.90352400        0.75365900        1.14908200       11.07959915      158.39998613        0.36418191
 124       -1.98297300        0.50914100        1.14908200       11.07959899      165.59999811        0.36418195
 125       -2.03114900        0.25659400        1.14908200       11.07959895      172.79999419        0.36418196
 126       -2.04729300        0.00000000        1.14908200       11.07959864      180.00000000        0.36418204
 127       -2.03114900       -0.25659400        1.14908200       11.07959895      187.20000581        0.36418196
 128       -1.98297300       -0.50914100        1.14908200       11.07959899      194.40000189        0.36418195
 129       -1.90352400       -0.75365900        1.14908200       11.07959915      201.60001387        0.36418191
 130       -1.79405600       -0.98629100        1.14908200       11.07959893      208.80000902        0.36418197
 131       -1.65629400       -1.20336800        1.14908200       11.07959933      215.99999932        0.36418187
 132       -1.49241200       -1.40146800        1.14908200       11.07959905      223.19999689        0.36418194
 133       -1.30499300       -1.57746600        1.14908200       11.07959911      230.40000793        0.36418192
 134       -1.09699400       -1.72858600        1.14908200       11.07959917      237.60000078        0.36418191
 135       -0.87169500       -1.85244600        1.14908200       11.07959869      244.79999799        0.36418203
 136       -0.63264800       -1.94709100        1.14908200       11.07959893      252.00000576        0.36418197
 137       -0.38362400       -2.01102900        1.14908200       11.07959923      259.20000821        0.36418189
 138       -0.12855100       -2.04325300        1.14908200       11.07959871      266.39998834        0.36418202
 139        0.12855100       -2.04325300        1.14908200       11.07959871      273.60001166        0.36418202
 140        0.38362400       -2.01102900        1.14908200       11.07959923      280.79999179        0.36418189
 141        0.63264800       -1.94709100        1.14908200       11.07959893      287.99999424        0.36418197
 142        0.87169500       -1.85244600        1.14908200       11.07959869      295.20000201        0.36418203
 143        1.09699400       -1.72858600        1.14908200       11.07959917      302.39999922        0.36418191
 144        1.30499300       -1.57746600        1.14908200       11.07959911      309.59999207        0.36418192
 145        1.49241200       -1.40146800        1.14908200       11.07959905      316.80000311        0.36418194
 146        1.65629400       -1.20336800        1.14908200       11.07959933      324.00000068        0.36418187
 147        1.79405600       -0.98629100        1.14908200       11.07959893      331.19999098        0.36418197
 148        1.90352400       -0.75365900        1.14908200       11.07959915      338.39998613        0.36418191
 149        1.98297300       -0.50914100        1.14908200       11.07959899      345.59999811        0.36418195
 150        2.03114900       -0.25659400        1.14908200       11.07959895      352.79999419        0.36418196
 151        2.03150200        0.00000000        0.57732100        5.55512867        0.00000000        0.35663148
 152        2.01548300        0.25461500        0.57732100        5.55512866        7.20000798        0.35663149
 153        1.96767900        0.50521400        0.57732100        5.55512856       14.39999731        0.35663154
 154        1.88884300        0.74784600        0.57732100        5.55512858       21.60000399        0.35663153
 155        1.78021900        0.97868400        0.57732100        5.55512854       28.80000798        0.35663155
 156        1.64352000        1.19408700        0.57732100        5.55512856       35.99999599        0.35663154
 157        1.48090200        1.39065900        0.57732100        5.55512845       43.19998884        0.35663160
 158        1.29492800        1.56530000        0.57732100        5.55512849       50.40001689        0.35663157
 159        1.08853300        1.71525400        0.57732100        5.55512867       57.60000687        0.35663148
 160        0.86497200        1.83815800        0.57732100        5.55512859       64.79998719        0.35663152
 161        0.62776900        1.93207400        0.57732100        5.55512840       71.99999724        0.35663163
 162        0.38066600        1.99551900        0.57732100        5.55512849       79.19998914        0.35663158
 163        0.12755900        2.02749400        0.57732100        5.55512845       86.40000311        0.35663160
 164       -0.12755900        2.02749400        0.57732100        5.55512845       93.59999689        0.35663160
 165       -0.38066600        1.99551900        0.57732100        5.55512849      100.80001086        0.35663158
 166       -0.62776900        1.93207400        0.57732100        5.55512840      108.00000276        0.35663163
 167       -0.86497200        1.83815800        0.57732100        5.55512859      115.20001281        0.35663152
 168       -1.08853300        1.71525400        0.57732100        5.55512867      122.39999313        0.35663148
 169       -1.29492800        1.56530000        0.57732100        5.55512849      129.59998311        0.35663157
 170       -1.48090200        1.39065900        0.57732100        5.55512845      136.80001116        0.35663160
 171       -1.64352000        1.19408700        0.57732100        5.55512856      144.00000401        0.35663154
 172       -1.78021900        0.97868400        0.57732100        5.55512854      151.19999202        0.35663155
 173       -1.88884300        0.74784600        0.57732100        5.55512858      158.39999601        0.35663153
 174       -1.96767900        0.50521400        0.57732100        5.55512856      165.60000269        0.35663154
 175       -2.01548300        0.25461500        0.57732100        5.55512866      172.79999202        0.35663149
 176       -2.03150200        0.00000000        0.57732100        5.55512867      180.00000000        0.35663148
 177       -2.01548300       -0.25461500        0.57732100        5.55512866      187.20000798        0.35663149
 178       -1.96767900       -0.50521400        0.57732100        5.55512856      194.39999731        0.35663154
 179       -1.88884300       -0.74784600        0.57732100        5.55512858      201.60000399        0.35663153
 180       -1.78021900       -0.97868400        0.57732100        5.55512854      208.80000798        0.35663155
 181       -1.64352000       -1.19408700        0.57732100        5.55512856      215.99999599        0.35663154
 182       -1.48090200       -1.39065900        0.57732100        5.55512845      223.19998884        0.35663160
 183       -1.29492800       -1.56530000        0.57732100        5.55512849      230.40001689        0.35663157
 184       -1.08853300       -1.71525400        0.57732100        5.55512867      237.60000687        0.35663148
 185       -0.86497200       -1.83815800        0.57732100        5.55512859      244.79998719        0.35663152
 186       -0.62776900       -1.93207400        0.57732100        5.55512840      251.99999724        0.35663163
 187       -0.38066600       -1.99551900        0.57732100        5.55512849      259.19998914        0.35663158
 188       -0.12755900       -2.02749400        0.57732100        5.55512845      266.40000311        0.35663160
 189        0.12755900       -2.02749400        0.57732100        5.55512845      273.59999689        0.35663160
 190        0.38066600       -1.99551900        0.57732100        5.55512849      280.80001086        0.35663158
 191        0.62776900       -1.93207400        0.57732100        5.55512840      288.00000276        0.35663163
 192        0.86497200       -1.83815800        0.57732100        5.55512859      295.20001281        0.35663152
 193        1.08853300       -1.71525400        0.57732100        5.55512867      302.39999313        0.35663148
 194        1.29492800       -1.56530000        0.57732100        5.55512849      309.59998311        0.35663157
 195        1.48090200       -1.39065900        0.57732100        5.55512845      316.80001116        0.35663160
 196        1.64352000       -1.19408700        0.57732100        5.55512856      324.00000401        0.35663154
 197        1.78021900       -0.97868400        0.57732100        5.55512854      331.19999202        0.35663155
 198        1.88884300       -0.74784600        0.57732100        5.55512858      338.39999601        0.35663153
 199        1.96767900       -0.50521400        0.57732100        5.55512856      345.60000269        0.35663154
 200        2.01548300       -0.25461500        0.57732100        5.55512866      352.79999202        0.35663149
 201        2.00000000        0.00000000       -0.00000000        0.00000000        0.00000000        0.34973389
 202        1.98422900        0.25066600       -0.00000000        0.00000000        7.19998817        0.34973382
 203        1.93716600        0.49738000       -0.00000000        0.00000000       14.40000856        0.34973385
 204        1.85955300        0.73624900       -0.00000000        0.00000000       21.59999690        0.34973389
 205        1.75261300        0.96350700       -0.00000000        0.00000000       28.79999623        0.34973381
 206        1.61803400        1.17557100       -0.00000000        0.00000000       36.00001129        0.34973394
 207        1.45793700        1.36909400       -0.00000000        0.00000000       43.20000057        0.34973384
 208        1.27484800        1.54102600       -0.00000000        0.00000000       50.39999068        0.34973383
 209        1.07165400        1.68865600       -0.00000000        0.00000000       57.59999237        0.34973395
 210        0.85155900        1.80965400       -0.00000000        0.00000000       64.79998791        0.34973391
 211        0.61803400        1.90211300       -0.00000000        0.00000000       71.99999940        0.34973389
 212        0.37476300        1.96457500       -0.00000000        0.00000000       79.19999224        0.34973399
 213        0.12558100        1.99605300       -0.00000000        0.00000000       86.40000029        0.34973382
 214       -0.12558100        1.99605300       -0.00000000        0.00000000       93.59999971        0.34973382
 215       -0.37476300        1.96457500       -0.00000000        0.00000000      100.80000776        0.34973399
 216       -0.61803400        1.90211300       -0.00000000        0.00000000      108.00000060        0.34973389
 217       -0.85155900        1.80965400       -0.00000000        0.00000000      115.20001209        0.34973391
 218       -1.07165400        1.68865600       -0.00000000        0.00000000      122.40000763        0.34973395
 219       -1.27484800        1.54102600       -0.00000000        0.00000000      129.60000932        0.34973383
 220       -1.45793700        1.36909400       -0.00000000        0.00000000      136.79999943        0.34973384
 221       -1.61803400        1.17557100       -0.00000000        0.00000000      143.99998871        0.34973394
 222       -1.75261300        0.96350700       -0.00000000        0.00000000      151.20000377        0.34973381
 223       -1.85955300        0.73624900       -0.00000000        0.00000000      158.40000310        0.34973389
 224       -1.93716600        0.49738000       -0.00000000        0.00000000      165.59999144        0.34973385
 225       -1.98422900        0.25066600       -0.00000000        0.00000000      172.80001183        0.34973382
 226       -2.00000000        0.00000000       -0.00000000        0.00000000      180.00000000        0.34973389
 227       -1.98422900       -0.25066600       -0.00000000        0.00000000      187.19998817        0.34973382
 228       -1.93716600       -0.49738000       -0.00000000        0.00000000      194.40000856        0.34973385
 229       -1.85955300       -0.73624900       -0.00000000        0.00000000      201.59999690        0.34973389
 230       -1.75261300       -0.96350700       -0.00000000        0.00000000      208.79999623        0.34973381
 231       -1.61803400       -1.17557100       -0.00000000        0.00000000      216.00001129        0.34973394
 232       -1.45793700       -1.36909400       -0.00000000        0.00000000      223.20000057        0.34973384
 233       -1.27484800       -1.54102600       -0.00000000        0.00000000      230.39999068        0.34973383
 234       -1.07165400       -1.68865600       -0.00000000        0.00000000      237.59999237        0.34973395
 235       -0.85155900       -1.80965400       -0.00000000        0.00000000      244.79998791        0.34973391
 236       -0.61803400       -1.90211300       -0.00000000        0.00000000      251.99999940        0.34973389
 237       -0.37476300       -1.96457500       -0.00000000        0.00000000      259.19999224        0.34973399
 238       -0.12558100       -1.99605300       -0.00000000        0.00000000      266.40000029        0.34973382
 239        0.12558100       -1.99605300       -0.00000000        0.00000000      273.59999971        0.34973382
 240        0.37476300       -1.96457500       -0.00000000        0.00000000      280.80000776        0.34973399
 241        0.61803400       -1.90211300       -0.00000000        0.00000000      288.00000060        0.34973389
 242        0.85155900       -1.80965400       -0.00000000        0.00000000      295.20001209        0.34973391
 243        1.07165400       -1.68865600       -0.00000000        0.00000000      302.40000763        0.34973395
 244        1.27484800       -1.54102600       -0.00000000        0.00000000      309.60000932        0.34973383
 245        1.45793700       -1.36909400       -0.00000000        0.00000000      316.79999943        0.34973384
 246        1.61803400       -1.17557100       -0.00000000        0.00000000      323.99998871        0.34973394
 247        1.75261300       -0.96350700       -0.00000000        0.00000000      331.20000377        0.34973381
 248        1.85955300       -0.73624900       -0.00000000        0.00000000      338.40000310        0.34973389
 249        1.93716600       -0.49738000       -0.00000000        0.00000000      345.59999144        0.34973385
 250        1.98422900       -0.25066600       -0.00000000        0.00000000      352.80001183        0.34973382
 251        1.95308900        0.00000000       -0.57732100       -5.57997679        0.00000000        0.34340575
 252        1.93768800        0.24478700       -0.57732100       -5.57997688        7.20000231        0.34340570
 253        1.89172900        0.48571300       -0.57732100       -5.57997686       14.39998713        0.34340571
 254        1.81593600        0.71898000       -0.57732100       -5.57997686       21.60000206        0.34340571
 255        1.71150500        0.94090800       -0.57732100       -5.57997674       28.80000422        0.34340577
 256        1.58008200        1.14799700       -0.57732100       -5.57997682       36.00000544        0.34340573
 257        1.42374000        1.33698100       -0.57732100       -5.57997702       43.20000316        0.34340562
 258        1.24494600        1.50488100       -0.57732100       -5.57997673       50.39999623        0.34340578
 259        1.04651700        1.64904700       -0.57732100       -5.57997701       57.60000121        0.34340563
 260        0.83158500        1.76720700       -0.57732100       -5.57997699       64.79998651        0.34340564
 261        0.60353800        1.85749800       -0.57732100       -5.57997677       71.99999124        0.34340576
 262        0.36597200        1.91849400       -0.57732100       -5.57997694       79.20000874        0.34340566
 263        0.12263500        1.94923500       -0.57732100       -5.57997681       86.40001380        0.34340574
 264       -0.12263500        1.94923500       -0.57732100       -5.57997681       93.59998620        0.34340574
 265       -0.36597200        1.91849400       -0.57732100       -5.57997694      100.79999126        0.34340566
 266       -0.60353800        1.85749800       -0.57732100       -5.57997677      108.00000876        0.34340576
 267       -0.83158500        1.76720700       -0.57732100       -5.57997699      115.20001349        0.34340564
 268       -1.04651700        1.64904700       -0.57732100       -5.57997701      122.39999879        0.34340563
 269       -1.24494600        1.50488100       -0.57732100       -5.57997673      129.60000377        0.34340578
 270       -1.42374000        1.33698100       -0.57732100       -5.57997702      136.79999684        0.34340562
 271       -1.58008200        1.14799700       -0.57732100       -5.57997682      143.99999456        0.34340573
 272       -1.71150500        0.94090800       -0.57732100       -5.57997674      151.19999578        0.34340577
 273       -1.81593600        0.71898000       -0.57732100       -5.57997686      158.39999794        0.34340571
 274       -1.89172900        0.48571300       -0.57732100       -5.57997686      165.60001287        0.34340571
 275       -1.93768800        0.24478700       -0.57732100       -5.57997688      172.79999769        0.34340570
 276       -1.95308900        0.00000000       -0.57732100       -5.57997679      180.00000000        0.34340575
 277       -1.93768800       -0.24478700       -0.57732100       -5.57997688      187.20000231        0.34340570
 278       -1.89172900       -0.48571300       -0.57732100       -5.57997686      194.39998713        0.34340571
 279       -1.81593600       -0.71898000       -0.57732100       -5.57997686      201.60000206        0.34340571
 280       -1.71150500       -0.94090800       -0.57732100       -5.57997674      208.80000422        0.34340577
 281       -1.58008200       -1.14799700       -0.57732100       -5.57997682      216.00000544        0.34340573
 282       -1.42374000       -1.33698100       -0.57732100       -5.57997702      223.20000316        0.34340562
 283       -1.24494600       -1.50488100       -0.57732100       -5.57997673      230.39999623        0.34340578
 284       -1.04651700       -1.64904700       -0.57732100       -5.57997701      237.60000121        0.34340563
 285       -0.83158500       -1.76720700       -0.57732100       -5.57997699      244.79998651        0.34340564
 286       -0.60353800       -1.85749800       -0.57732100       -5.57997677      251.99999124        0.34340576
 287       -0.36597200       -1.91849400       -0.57732100       -5.57997694      259.20000874        0.34340566
 288       -0.12263500       -1.94923500       -0.57732100       -5.57997681      266.40001380        0.34340574
 289        0.12263500       -1.94923500       -0.57732100       -5.57997681      273.59998620        0.34340574
 290        0.36597200       -1.91849400       -0.57732100       -5.57997694      280.79999126        0.34340566
 291        0.60353800       -1.85749800       -0.57732100       -5.57997677      288.00000876        0.34340576
 292        0.83158500       -1.76720700       -0.57732100       -5.57997699      295.20001349        0.34340564
 293        1.04651700       -1.64904700       -0.57732100       -5.57997701      302.39999879        0.34340563
 294        1.24494600       -1.50488100       -0.57732100       -5.57997673      309.60000377        0.34340578
 295        1.42374000       -1.33698100       -0.57732100       -5.57997702      316.79999684        0.34340562
 296        1.58008200       -1.14799700       -0.57732100       -5.57997682      323.99999456        0.34340573
 297        1.71150500       -0.94090800       -0.57732100       -5.57997674      331.19999578        0.34340577
 298        1.81593600       -0.71898000       -0.57732100       -5.57997686      338.39999794        0.34340571
 299        1.89172900       -0.48571300       -0.57732100       -5.57997686      345.60001287        0.34340571
 300        1.93768800       -0.24478700       -0.57732100       -5.57997688      352.79999769        0.34340570
 301        1.89122000        0.00000000       -1.14908200      -11.18070849        0.00000000        0.33757620
 302        1.87630700        0.23703300       -1.14908200      -11.18070857        7.20000910        0.33757618
 303        1.83180400        0.47032700       -1.14908200      -11.18070844       14.39999038        0.33757621
 304        1.75841200        0.69620500       -1.14908200      -11.18070831       21.60001234        0.33757625
 305        1.65728900        0.91110200       -1.14908200      -11.18070839       28.79999103        0.33757623
 306        1.53002900        1.11163100       -1.14908200      -11.18070863       35.99999663        0.33757616
 307        1.37864000        1.29462900       -1.14908200      -11.18070859       43.19999706        0.33757617
 308        1.20550900        1.45721000       -1.14908200      -11.18070852       50.39999889        0.33757619
 309        1.01336700        1.59681000       -1.14908200      -11.18070820       57.59998569        0.33757628
 310        0.80524200        1.71122700       -1.14908200      -11.18070858       64.80000831        0.33757618
 311        0.58441900        1.79865700       -1.14908200      -11.18070858       72.00000248        0.33757618
 312        0.35437900        1.85772200       -1.14908200      -11.18070809       79.20001263        0.33757631
 313        0.11875100        1.88748800       -1.14908200      -11.18070855       86.39999031        0.33757619
 314       -0.11875100        1.88748800       -1.14908200      -11.18070855       93.60000969        0.33757619
 315       -0.35437900        1.85772200       -1.14908200      -11.18070809      100.79998737        0.33757631
 316       -0.58441900        1.79865700       -1.14908200      -11.18070858      107.99999752        0.33757618
 317       -0.80524200        1.71122700       -1.14908200      -11.18070858      115.19999169        0.33757618
 318       -1.01336700        1.59681000       -1.14908200      -11.18070820      122.40001431        0.33757628
 319       -1.20550900        1.45721000       -1.14908200      -11.18070852      129.60000111        0.33757619
 320       -1.37864000        1.29462900       -1.14908200      -11.18070859      136.80000294        0.33757617
 321       -1.53002900        1.11163100       -1.14908200      -11.18070863      144.00000337        0.33757616
 322       -1.65728900        0.91110200       -1.14908200      -11.18070839      151.20000897        0.33757623
 323       -1.75841200        0.69620500       -1.14908200      -11.18070831      158.39998766        0.33757625
 324       -1.83180400        0.47032700       -1.14908200      -11.18070844      165.60000962        0.33757621
 325       -1.87630700        0.23703300       -1.14908200      -11.18070857      172.79999090        0.33757618
 326       -1.89122000        0.00000000       -1.14908200      -11.18070849      180.00000000        0.33757620
 327       -1.87630700       -0.23703300       -1.14908200      -11.18070857      187.20000910        0.33757618
 328       -1.83180400       -0.47032700       -1.14908200      -11.18070844      194.39999038        0.33757621
 329       -1.75841200       -0.69620500       -1.14908200      -11.18070831      201.60001234        0.33757625
 330       -1.65728900       -0.91110200       -1.14908200      -11.18070839      208.79999103        0.33757623
 331       -1.53002900       -1.11163100       -1.14908200      -11.18070863      215.99999663        0.33757616
 332       -1.37864000       -1.29462900       -1.14908200      -11.18070859      223.19999706        0.33757617
 333       -1.20550900       -1.45721000       -1.14908200      -11.18070852      230.39999889        0.33757619
 334       -1.01336700       -1.59681000       -1.14908200      -11.18070820      237.59998569        0.33757628
 335       -0.80524200       -1.71122700       -1.14908200      -11.18070858      244.80000831        0.33757618
 336       -0.58441900       -1.79865700       -1.14908200      -11.18070858      252.00000248        0.33757618
 337       -0.35437900       -1.85772200       -1.14908200      -11.18070809      259.20001263        0.33757631
 338       -0.11875100       -1.88748800       -1.14908200      -11.18070855      266.39999031        0.33757619
 339        0.11875100       -1.88748800       -1.14908200      -11.18070855      273.60000969        0.33757619
 340        0.35437900       -1.85772200       -1.14908200      -11.18070809      280.79998737        0.33757631
 341        0.58441900       -1.79865700       -1.14908200      -11.18070858      287.99999752        0.33757618
 342        0.80524200       -1.71122700       -1.14908200      -11.18070858      295.19999169        0.33757618
 343        1.01336700       -1.59681000       -1.14908200      -11.18070820      302.40001431        0.33757628
 344        1.20550900       -1.45721000       -1.14908200      -11.18070852      309.60000111        0.33757619
 345        1.37864000       -1.29462900       -1.14908200      -11.18070859      316.80000294        0.33757617
 346        1.53002900       -1.11163100       -1.14908200      -11.18070863      324.00000337        0.33757616
 347        1.65728900       -0.91110200       -1.14908200      -11.18070839      331.20000897        0.33757623
 348        1.75841200       -0.69620500       -1.14908200      -11.18070831      338.39998766        0.33757625
 349        1.83180400       -0.47032700       -1.14908200      -11.18070844      345.60000962        0.33757621
 350        1.87630700       -0.23703300       -1.14908200      -11.18070857      352.79999090        0.33757618
 351        1.81499100        0.00000000       -1.70977700      -16.79941754        0.00000000        0.33218758
 352        1.80067900        0.22747900       -1.70977700      -16.79941775        7.20001068        0.33218754
 353        1.75796900        0.45137000       -1.70977700      -16.79941820       14.40000850        0.33218746
 354        1.68753600        0.66814300       -1.70977700      -16.79941741       21.60000680        0.33218761
 355        1.59048800        0.87437800       -1.70977700      -16.79941844       28.79999510        0.33218742
 356        1.46835800        1.06682500       -1.70977700      -16.79941795       36.00001192        0.33218751
 357        1.32307100        1.24244700       -1.70977700      -16.79941779       43.20001453        0.33218754
 358        1.15691900        1.39847400       -1.70977700      -16.79941787       50.39998315        0.33218752
 359        0.97252100        1.53244700       -1.70977700      -16.79941793       57.59998504        0.33218751
 360        0.77278500        1.64225300       -1.70977700      -16.79941775       64.80001721        0.33218754
 361        0.56086300        1.72615900       -1.70977700      -16.79941758       72.00000174        0.33218758
 362        0.34009500        1.78284200       -1.70977700      -16.79941811       79.20000932        0.33218748
 363        0.11396400        1.81140900       -1.70977700      -16.79941807       86.40000613        0.33218749
 364       -0.11396400        1.81140900       -1.70977700      -16.79941807       93.59999387        0.33218749
 365       -0.34009500        1.78284200       -1.70977700      -16.79941811      100.79999068        0.33218748
 366       -0.56086300        1.72615900       -1.70977700      -16.79941758      107.99999826        0.33218758
 367       -0.77278500        1.64225300       -1.70977700      -16.79941775      115.19998279        0.33218754
 368       -0.97252100        1.53244700       -1.70977700      -16.79941793      122.40001496        0.33218751
 369       -1.15691900        1.39847400       -1.70977700      -16.79941787      129.60001685        0.33218752
 370       -1.32307100        1.24244700       -1.70977700      -16.79941779      136.79998547        0.33218754
 371       -1.46835800        1.06682500       -1.70977700      -16.79941795      143.99998808        0.33218751
 372       -1.59048800        0.87437800       -1.70977700      -16.79941844      151.20000490        0.33218742
 373       -1.68753600        0.66814300       -1.70977700      -16.79941741      158.39999320        0.33218761
 374       -1.75796900        0.45137000       -1.70977700      -16.79941820      165.59999150        0.33218746
 375       -1.80067900        0.22747900       -1.70977700      -16.79941775      172.79998932        0.33218754
 376       -1.81499100        0.00000000       -1.70977700      -16.79941754      180.00000000        0.33218758
 377       -1.80067900       -0.22747900       -1.70977700      -16.79941775      187.20001068        0.33218754
 378       -1.75796900       -0.45137000       -1.70977700      -16.79941820      194.40000850        0.33218746
 379       -1.68753600       -0.66814300       -1.70977700      -16.79941741      201.60000680        0.33218761
 380       -1.59048800       -0.87437800       -1.70977700      -16.79941844      208.79999510        0.33218742
 381       -1.46835800       -1.06682500       -1.70977700      -16.79941795      216.00001192        0.33218751
 382       -1.32307100       -1.24244700       -1.70977700      -16.79941779      223.20001453        0.33218754
 383       -1.15691900       -1.39847400       -1.70977700      -16.79941787      230.39998315        0.33218752
 384       -0.97252100       -1.53244700       -1.70977700      -16.79941793      237.59998504        0.33218751
 385       -0.77278500       -1.64225300       -1.70977700      -16.79941775      244.80001721        0.33218754
 386       -0.56086300       -1.72615900       -1.70977700      -16.79941758      252.00000174        0.33218758
 387       -0.34009500       -1.78284200       -1.70977700      -16.79941811      259.20000932        0.33218748
 388       -0.11396400       -1.81140900       -1.70977700      -16.79941807      266.40000613        0.33218749
 389        0.11396400       -1.81140900       -1.70977700      -16.79941807      273.59999387        0.33218749
 390        0.34009500       -1.78284200       -1.70977700      -16.79941811      280.79999068        0.33218748
 391        0.56086300       -1.72615900       -1.70977700      -16.79941758      287.99999826        0.33218758
 392        0.77278500       -1.64225300       -1.70977700      -16.79941775      295.19998279        0.33218754
 393        0.97252100       -1.53244700       -1.70977700      -16.79941793      302.40001496        0.33218751
 394        1.15691900       -1.39847400       -1.70977700      -16.79941787      309.60001685        0.33218752
 395        1.32307100       -1.24244700       -1.70977700      -16.79941779      316.79998547        0.33218754
 396        1.46835800       -1.06682500       -1.70977700      -16.79941795      323.99998808        0.33218751
 397        1.59048800       -0.87437800       -1.70977700      -16.79941844      331.20000490        0.33218742
 398        1.68753600       -0.66814300       -1.70977700      -16.79941741      338.39999320        0.33218761
 399        1.75796900       -0.45137000       -1.70977700      -16.79941820      345.59999150        0.33218746
 400        1.80067900       -0.22747900       -1.70977700      -16.79941775      352.79998932        0.33218754
 401        1.72513400        0.00000000       -2.25400500      -22.43436090        0.00000000        0.32719413
 402        1.71153100        0.21621700       -2.25400500      -22.43436057        7.20001162        0.32719418
 403        1.67093600        0.42902300       -2.25400500      -22.43436069       14.39998566        0.32719416
 404        1.60398900        0.63506400       -2.25400500      -22.43436102       21.59999472        0.32719412
 405        1.51174600        0.83109000       -2.25400500      -22.43436119       28.80001757        0.32719409
 406        1.39566300        1.01400800       -2.25400500      -22.43436085       35.99998591        0.32719414
 407        1.25756800        1.18093500       -2.25400500      -22.43436190       43.20000103        0.32719400
 408        1.09964200        1.32923800       -2.25400500      -22.43436134       50.39998226        0.32719407
 409        0.92437300        1.45657900       -2.25400500      -22.43436070       57.60000398        0.32719416
 410        0.73452600        1.56094800       -2.25400500      -22.43436098       64.80001123        0.32719412
 411        0.53309600        1.64070000       -2.25400500      -22.43436070       71.99999196        0.32719416
 412        0.32325800        1.69457700       -2.25400500      -22.43436104       79.19999515        0.32719411
 413        0.10832200        1.72173000       -2.25400500      -22.43436069       86.40000232        0.32719416
 414       -0.10832200        1.72173000       -2.25400500      -22.43436069       93.59999768        0.32719416
 415       -0.32325800        1.69457700       -2.25400500      -22.43436104      100.80000485        0.32719411
 416       -0.53309600        1.64070000       -2.25400500      -22.43436070      108.00000804        0.32719416
 417       -0.73452600        1.56094800       -2.25400500      -22.43436098      115.19998877        0.32719412
 418       -0.92437300        1.45657900       -2.25400500      -22.43436070      122.39999602        0.32719416
 419       -1.09964200        1.32923800       -2.25400500      -22.43436134      129.60001774        0.32719407
 420       -1.25756800        1.18093500       -2.25400500      -22.43436190      136.79999897        0.32719400
 421       -1.39566300        1.01400800       -2.25400500      -22.43436085      144.00001409        0.32719414
 422       -1.51174600        0.83109000       -2.25400500      -22.43436119      151.19998243        0.32719409
 423       -1.60398900        0.63506400       -2.25400500      -22.43436102      158.40000528        0.32719412
 424       -1.67093600        0.42902300       -2.25400500      -22.43436069      165.60001434        0.32719416
 425       -1.71153100        0.21621700       -2.25400500      -22.43436057      172.79998838        0.32719418
 426       -1.72513400        0.00000000       -2.25400500      -22.43436090      180.00000000        0.32719413
 427       -1.71153100       -0.21621700       -2.25400500      -22.43436057      187.20001162        0.32719418
 428       -1.67093600       -0.42902300       -2.25400500      -22.43436069      194.39998566        0.32719416
 429       -1.60398900       -0.63506400       -2.25400500      -22.43436102      201.59999472        0.32719412
 430       -1.51174600       -0.83109000       -2.25400500      -22.43436119      208.80001757        0.32719409
 431       -1.39566300       -1.01400800       -2.25400500      -22.43436085      215.99998591        0.32719414
 432       -1.25756800       -1.18093500       -2.25400500      -22.43436190      223.20000103        0.32719400
 433       -1.09964200       -1.32923800       -2.25400500      -22.43436134      230.39998226        0.32719407
 434       -0.92437300       -1.45657900       -2.25400500      -22.43436070      237.60000398        0.32719416
 435       -0.73452600       -1.56094800       -2.25400500      -22.43436098      244.80001123        0.32719412
 436       -0.53309600       -1.64070000       -2.25400500      -22.43436070      251.99999196        0.32719416
 437       -0.32325800       -1.69457700       -2.25400500      -22.43436104      259.19999515        0.32719411
 438       -0.10832200       -1.72173000       -2.25400500      -22.43436069      266.40000232        0.32719416
 439        0.10832200       -1.72173000       -2.25400500      -22.43436069      273.59999768        0.32719416
 440        0.32325800       -1.69457700       -2.25400500      -22.43436104      280.80000485        0.32719411
 441        0.53309600       -1.64070000       -2.25400500      -22.43436070      288.00000804        0.32719416
 442        0.73452600       -1.56094800       -2.25400500      -22.43436098      295.19998877        0.32719412
 443        0.92437300       -1.45657900       -2.25400500      -22.43436070      302.39999602        0.32719416
 444        1.09964200       -1.32923800       -2.25400500      -22.43436134      309.60001774        0.32719407
 445        1.25756800       -1.18093500       -2.25400500      -22.43436190      316.79999897        0.32719400
 446        1.39566300       -1.01400800       -2.25400500      -22.43436085      324.00001409        0.32719414
 447        1.51174600       -0.83109000       -2.25400500      -22.43436119      331.19998243        0.32719409
 448        1.60398900       -0.63506400       -2.25400500      -22.43436102      338.40000528        0.32719412
 449        1.67093600       -0.42902300       -2.25400500      -22.43436069      345.60001434        0.32719416
 450        1.71153100       -0.21621700       -2.25400500      -22.43436057      352.79998838        0.32719418
 451        1.62251500        0.00000000       -2.77652700      -28.08471508        0.00000000        0.32256396
 452        1.60972100        0.20335500       -2.77652700      -28.08471506        7.19999813        0.32256396
 453        1.57154100        0.40350300       -2.77652700      -28.08471461       14.39999496        0.32256401
 454        1.50857700        0.59728800       -2.77652700      -28.08471365       21.60000369        0.32256411
 455        1.42182100        0.78165300       -2.77652700      -28.08471429       28.80000899        0.32256404
 456        1.31264200        0.95369100       -2.77652700      -28.08471474       36.00002180        0.32256400
 457        1.18276300        1.11068800       -2.77652700      -28.08471441       43.19999005        0.32256403
 458        1.03423000        1.25017000       -2.77652700      -28.08471409       50.40001547        0.32256406
 459        0.86938700        1.36993500       -2.77652700      -28.08471467       57.60000559        0.32256400
 460        0.69083300        1.46809600       -2.77652700      -28.08471443       64.80001722        0.32256403
 461        0.50138500        1.54310400       -2.77652700      -28.08471401       71.99999607        0.32256407
 462        0.30402900        1.59377600       -2.77652700      -28.08471472       79.20000111        0.32256400
 463        0.10187900        1.61931400       -2.77652700      -28.08471385       86.39998596        0.32256409
 464       -0.10187900        1.61931400       -2.77652700      -28.08471385       93.60001404        0.32256409
 465       -0.30402900        1.59377600       -2.77652700      -28.08471472      100.79999889        0.32256400
 466       -0.50138500        1.54310400       -2.77652700      -28.08471401      108.00000393        0.32256407
 467       -0.69083300        1.46809600       -2.77652700      -28.08471443      115.19998278        0.32256403
 468       -0.86938700        1.36993500       -2.77652700      -28.08471467      122.39999441        0.32256400
 469       -1.03423000        1.25017000       -2.77652700      -28.08471409      129.59998453        0.32256406
 470       -1.18276300        1.11068800       -2.77652700      -28.08471441      136.80000995        0.32256403
 471       -1.31264200        0.95369100       -2.77652700      -28.08471474      143.99997820        0.32256400
 472       -1.42182100        0.78165300       -2.77652700      -28.08471429      151.19999101        0.32256404
 473       -1.50857700        0.59728800       -2.77652700      -28.08471365      158.39999631        0.32256411
 474       -1.57154100        0.40350300       -2.77652700      -28.08471461      165.60000504        0.32256401
 475       -1.60972100        0.20335500       -2.77652700      -28.08471506      172.80000187        0.32256396
 476       -1.62251500        0.00000000       -2.77652700      -28.08471508      180.00000000        0.32256396
 477       -1.60972100       -0.20335500       -2.77652700      -28.08471506      187.19999813        0.32256396
 478       -1.57154100       -0.40350300       -2.77652700      -28.08471461      194.39999496        0.32256401
 479       -1.50857700       -0.59728800       -2.77652700      -28.08471365      201.60000369        0.32256411
 480       -1.42182100       -0.78165300       -2.77652700      -28.08471429      208.80000899        0.32256404
 481       -1.31264200       -0.95369100       -2.77652700      -28.08471474      216.00002180        0.32256400
 482       -1.18276300       -1.11068800       -2.77652700      -28.08471441      223.19999005        0.32256403
 483       -1.03423000       -1.25017000       -2.77652700      -28.08471409      230.40001547        0.32256406
 484       -0.86938700       -1.36993500       -2.77652700      -28.08471467      237.60000559        0.32256400
 485       -0.69083300       -1.46809600       -2.77652700      -28.08471443      244.80001722        0.32256403
 486       -0.50138500       -1.54310400       -2.77652700      -28.08471401      251.99999607        0.32256407
 487       -0.30402900       -1.59377600       -2.77652700      -28.08471472      259.20000111        0.32256400
 488       -0.10187900       -1.61931400       -2.77652700      -28.08471385      266.39998596        0.32256409
 489        0.10187900       -1.61931400       -2.77652700      -28.08471385      273.60001404        0.32256409
 490        0.30402900       -1.59377600       -2.77652700      -28.08471472      280.79999889        0.32256400
 491        0.50138500       -1.54310400       -2.77652700      -28.08471401      288.00000393        0.32256407
 492        0.69083300       -1.46809600       -2.77652700      -28.08471443      295.19998278        0.32256403
 493        0.86938700       -1.36993500       -2.77652700      -28.08471467      302.39999441        0.32256400
 494        1.03423000       -1.25017000       -2.77652700      -28.08471409      309.59998453        0.32256406
 495        1.18276300       -1.11068800       -2.77652700      -28.08471441      316.80000995        0.32256403
 496        1.31264200       -0.95369100       -2.77652700      -28.08471474      323.99997820        0.32256400
 497        1.42182100       -0.78165300       -2.77652700      -28.08471429      331.19999101        0.32256404
 498        1.50857700       -0.59728800       -2.77652700      -28.08471365      338.39999631        0.32256411
 499        1.57154100       -0.40350300       -2.77652700      -28.08471461      345.60000504        0.32256401
 500        1.60972100       -0.20335500       -2.77652700      -28.08471506      352.80000187        0.32256396
 501        1.50812300        0.00000000       -3.27230900      -33.75041819        0.00000000        0.31828038
 502        1.49623100        0.18901800       -3.27230900      -33.75041817        7.20000255        0.31828038
 503        1.46074300        0.37505500       -3.27230900      -33.75041713       14.39999794        0.31828047
 504        1.40221800        0.55517700       -3.27230900      -33.75041678       21.59998655        0.31828050
 505        1.32157900        0.72654400       -3.27230900      -33.75041646       28.79999323        0.31828052
 506        1.22009700        0.88645300       -3.27230900      -33.75041771       36.00001971        0.31828042
 507        1.09937500        1.03238100       -3.27230900      -33.75041747       43.19997667        0.31828044
 508        0.96131400        1.16202900       -3.27230900      -33.75041740       50.39999977        0.31828044
 509        0.80809300        1.27335100       -3.27230900      -33.75041659       57.60000376        0.31828051
 510        0.64212800        1.36459100       -3.27230900      -33.75041667       64.79999254        0.31828051
 511        0.46603600        1.43431000       -3.27230900      -33.75041838       71.99998445        0.31828036
 512        0.28259400        1.48141000       -3.27230900      -33.75041821       79.20000266        0.31828038
 513        0.09469600        1.50514700       -3.27230900      -33.75041831       86.39999328        0.31828037
 514       -0.09469600        1.50514700       -3.27230900      -33.75041831       93.60000672        0.31828037
 515       -0.28259400        1.48141000       -3.27230900      -33.75041821      100.79999734        0.31828038
 516       -0.46603600        1.43431000       -3.27230900      -33.75041838      108.00001555        0.31828036
 517       -0.64212800        1.36459100       -3.27230900      -33.75041667      115.20000746        0.31828051
 518       -0.80809300        1.27335100       -3.27230900      -33.75041659      122.39999624        0.31828051
 519       -0.96131400        1.16202900       -3.27230900      -33.75041740      129.60000023        0.31828044
 520       -1.09937500        1.03238100       -3.27230900      -33.75041747      136.80002333        0.31828044
 521       -1.22009700        0.88645300       -3.27230900      -33.75041771      143.99998029        0.31828042
 522       -1.32157900        0.72654400       -3.27230900      -33.75041646      151.20000677        0.31828052
 523       -1.40221800        0.55517700       -3.27230900      -33.75041678      158.40001345        0.31828050
 524       -1.46074300        0.37505500       -3.27230900      -33.75041713      165.60000206        0.31828047
 525       -1.49623100        0.18901800       -3.27230900      -33.75041817      172.79999745        0.31828038
 526       -1.50812300        0.00000000       -3.27230900      -33.75041819      180.00000000        0.31828038
 527       -1.49623100       -0.18901800       -3.27230900      -33.75041817      187.20000255        0.31828038
 528       -1.46074300       -0.37505500       -3.27230900      -33.75041713      194.39999794        0.31828047
 529       -1.40221800       -0.55517700       -3.27230900      -33.75041678      201.59998655        0.31828050
 530       -1.32157900       -0.72654400       -3.27230900      -33.75041646      208.79999323        0.31828052
 531       -1.22009700       -0.88645300       -3.27230900      -33.75041771      216.00001971        0.31828042
 532       -1.09937500       -1.03238100       -3.27230900      -33.75041747      223.19997667        0.31828044
 533       -0.96131400       -1.16202900       -3.27230900      -33.75041740      230.39999977        0.31828044
 534       -0.80809300       -1.27335100       -3.27230900      -33.75041659      237.60000376        0.31828051
 535       -0.64212800       -1.36459100       -3.27230900      -33.75041667      244.79999254        0.31828051
 536       -0.46603600       -1.43431000       -3.27230900      -33.75041838      251.99998445        0.31828036
 537       -0.28259400       -1.48141000       -3.27230900      -33.75041821      259.20000266        0.31828038
 538       -0.09469600       -1.50514700       -3.27230900      -33.75041831      266.39999328        0.31828037
 539        0.09469600       -1.50514700       -3.27230900      -33.75041831      273.60000672        0.31828037
 540        0.28259400       -1.48141000       -3.27230900      -33.75041821      280.79999734        0.31828038
 541        0.46603600       -1.43431000       -3.27230900      -33.75041838      288.00001555        0.31828036
 542        0.64212800       -1.36459100       -3.27230900      -33.75041667      295.20000746        0.31828051
 543        0.80809300       -1.27335100       -3.27230900      -33.75041659      302.39999624        0.31828051
 544        0.96131400       -1.16202900       -3.27230900      -33.75041740      309.60000023        0.31828044
 545        1.09937500       -1.03238100       -3.27230900      -33.75041747      316.80002333        0.31828044
 546        1.22009700       -0.88645300       -3.27230900      -33.75041771      323.99998029        0.31828042
 547        1.32157900       -0.72654400       -3.27230900      -33.75041646      331.20000677        0.31828052
 548        1.40221800       -0.55517700       -3.27230900      -33.75041678      338.40001345        0.31828050
 549        1.46074300       -0.37505500       -3.27230900      -33.75041713      345.60000206        0.31828047
 550        1.49623100       -0.18901800       -3.27230900      -33.75041817      352.79999745        0.31828038
 551        1.38305900        0.00000000       -3.73657600      -39.43220343        0.00000000        0.31434596
 552        1.37215400        0.17334300       -3.73657600      -39.43220107        7.19998512        0.31434612
 553        1.33960800        0.34395300       -3.73657600      -39.43220229       14.40000504        0.31434604
 554        1.28593600        0.50913800       -3.73657600      -39.43220268       21.59999692        0.31434601
 555        1.21198400        0.66629400       -3.73657600      -39.43220267       28.80000572        0.31434601
 556        1.11891900        0.81294200       -3.73657600      -39.43220104       35.99999199        0.31434612
 557        1.00820700        0.94676900       -3.73657600      -39.43220268       43.19998817        0.31434601
 558        0.88159500        1.06566600       -3.73657600      -39.43220175       50.40001869        0.31434608
 559        0.74108000        1.16775600       -3.73657600      -39.43220188       57.60001722        0.31434607
 560        0.58887800        1.25143000       -3.73657600      -39.43220113       64.80000969        0.31434612
 561        0.42738900        1.31536800       -3.73657600      -39.43220114       71.99999886        0.31434612
 562        0.25915900        1.35856200       -3.73657600      -39.43220139       79.20002286        0.31434610
 563        0.08684300        1.38033000       -3.73657600      -39.43220298       86.40000011        0.31434599
 564       -0.08684300        1.38033000       -3.73657600      -39.43220298       93.59999989        0.31434599
 565       -0.25915900        1.35856200       -3.73657600      -39.43220139      100.79997714        0.31434610
 566       -0.42738900        1.31536800       -3.73657600      -39.43220114      108.00000114        0.31434612
 567       -0.58887800        1.25143000       -3.73657600      -39.43220113      115.19999031        0.31434612
 568       -0.74108000        1.16775600       -3.73657600      -39.43220188      122.39998278        0.31434607
 569       -0.88159500        1.06566600       -3.73657600      -39.43220175      129.59998131        0.31434608
 570       -1.00820700        0.94676900       -3.73657600      -39.43220268      136.80001183        0.31434601
 571       -1.11891900        0.81294200       -3.73657600      -39.43220104      144.00000801        0.31434612
 572       -1.21198400        0.66629400       -3.73657600      -39.43220267      151.19999428        0.31434601
 573       -1.28593600        0.50913800       -3.73657600      -39.43220268      158.40000308        0.31434601
 574       -1.33960800        0.34395300       -3.73657600      -39.43220229      165.59999496        0.31434604
 575       -1.37215400        0.17334300       -3.73657600      -39.43220107      172.80001488        0.31434612
 576       -1.38305900        0.00000000       -3.73657600      -39.43220343      180.00000000        0.31434596
 577       -1.37215400       -0.17334300       -3.73657600      -39.43220107      187.19998512        0.31434612
 578       -1.33960800       -0.34395300       -3.73657600      -39.43220229      194.40000504        0.31434604
 579       -1.28593600       -0.50913800       -3.73657600      -39.43220268      201.59999692        0.31434601
 580       -1.21198400       -0.66629400       -3.73657600      -39.43220267      208.80000572        0.31434601
 581       -1.11891900       -0.81294200       -3.73657600      -39.43220104      215.99999199        0.31434612
 582       -1.00820700       -0.94676900       -3.73657600      -39.43220268      223.19998817        0.31434601
 583       -0.88159500       -1.06566600       -3.73657600      -39.43220175      230.40001869        0.31434608
 584       -0.74108000       -1.16775600       -3.73657600      -39.43220188      237.60001722        0.31434607
 585       -0.58887800       -1.25143000       -3.73657600      -39.43220113      244.80000969        0.31434612
 586       -0.42738900       -1.31536800       -3.73657600      -39.43220114      251.99999886        0.31434612
 587       -0.25915900       -1.35856200       -3.73657600      -39.43220139      259.20002286        0.31434610
 588       -0.08684300       -1.38033000       -3.73657600      -39.43220298      266.40000011        0.31434599
 589        0.08684300       -1.38033000       -3.73657600      -39.43220298      273.59999989        0.31434599
 590        0.25915900       -1.35856200       -3.73657600      -39.43220139      280.79997714        0.31434610
 591        0.42738900       -1.31536800       -3.73657600      -39.43220114      288.00000114        0.31434612
 592        0.58887800       -1.25143000       -3.73657600      -39.43220113      295.19999031        0.31434612
 593        0.74108000       -1.16775600       -3.73657600      -39.43220188      302.39998278        0.31434607
 594        0.88159500       -1.06566600       -3.73657600      -39.43220175      309.59998131        0.31434608
 595        1.00820700       -0.94676900       -3.73657600      -39.43220268      316.80001183        0.31434601
 596        1.11891900       -0.81294200       -3.73657600      -39.43220104      324.00000801        0.31434612
 597        1.21198400       -0.66629400       -3.73657600      -39.43220267      331.19999428        0.31434601
 598        1.28593600       -0.50913800       -3.73657600      -39.43220268      338.40000308        0.31434601
 599        1.33960800       -0.34395300       -3.73657600      -39.43220229      345.59999496        0.31434604
 600        1.37215400       -0.17334300       -3.73657600      -39.43220107      352.80001488        0.31434612
 601        1.24852800        0.00000000       -4.16485900      -45.13160107        0.00000000        0.31079157
 602        1.23868300        0.15648200       -4.16485900      -45.13160103        7.19999757        0.31079157
 603        1.20930300        0.31049600       -4.16485900      -45.13160207       14.39998947        0.31079151
 604        1.16085200        0.45961400       -4.16485900      -45.13160072       21.60000764        0.31079159
 605        1.09409400        0.60148300       -4.16485900      -45.13159905       28.79998929        0.31079168
 606        1.01008000        0.73386600       -4.16485900      -45.13160299       35.99999715        0.31079146
 607        0.91013800        0.85467600       -4.16485900      -45.13160095       43.19998425        0.31079158
 608        0.79584200        0.96200700       -4.16485900      -45.13160139       50.39997889        0.31079155
 609        0.66899500        1.05416700       -4.16485900      -45.13160075       57.59998919        0.31079159
 610        0.53159700        1.12970200       -4.16485900      -45.13160135       64.80001701        0.31079155
 611        0.38581600        1.18742100       -4.16485900      -45.13160038       72.00002054        0.31079161
 612        0.23395100        1.22641300       -4.16485900      -45.13160145       79.19999062        0.31079155
 613        0.07839600        1.24606400       -4.16485900      -45.13160221       86.39998635        0.31079150
 614       -0.07839600        1.24606400       -4.16485900      -45.13160221       93.60001365        0.31079150
 615       -0.23395100        1.22641300       -4.16485900      -45.13160145      100.80000938        0.31079155
 616       -0.38581600        1.18742100       -4.16485900      -45.13160038      107.99997946        0.31079161
 617       -0.53159700        1.12970200       -4.16485900      -45.13160135      115.19998299        0.31079155
 618       -0.66899500        1.05416700       -4.16485900      -45.13160075      122.40001081        0.31079159
 619       -0.79584200        0.96200700       -4.16485900      -45.13160139      129.60002111        0.31079155
 620       -0.91013800        0.85467600       -4.16485900      -45.13160095      136.80001575        0.31079158
 621       -1.01008000        0.73386600       -4.16485900      -45.13160299      144.00000285        0.31079146
 622       -1.09409400        0.60148300       -4.16485900      -45.13159905      151.20001071        0.31079168
 623       -1.16085200        0.45961400       -4.16485900      -45.13160072      158.39999236        0.31079159
 624       -1.20930300        0.31049600       -4.16485900      -45.13160207      165.60001053        0.31079151
 625       -1.23868300        0.15648200       -4.16485900      -45.13160103      172.80000243        0.31079157
 626       -1.24852800        0.00000000       -4.16485900      -45.13160107      180.00000000        0.31079157
 627       -1.23868300       -0.15648200       -4.16485900      -45.13160103      187.19999757        0.31079157
 628       -1.20930300       -0.31049600       -4.16485900      -45.13160207      194.39998947        0.31079151
 629       -1.16085200       -0.45961400       -4.16485900      -45.13160072      201.60000764        0.31079159
 630       -1.09409400       -0.60148300       -4.16485900      -45.13159905      208.79998929        0.31079168
 631       -1.01008000       -0.73386600       -4.16485900      -45.13160299      215.99999715        0.31079146
 632       -0.91013800       -0.85467600       -4.16485900      -45.13160095      223.19998425        0.31079158
 633       -0.79584200       -0.96200700       -4.16485900      -45.13160139      230.39997889        0.31079155
 634       -0.66899500       -1.05416700       -4.16485900      -45.13160075      237.59998919        0.31079159
 635       -0.53159700       -1.12970200       -4.16485900      -45.13160135      244.80001701        0.31079155
 636       -0.38581600       -1.18742100       -4.16485900      -45.13160038      252.00002054        0.31079161
 637       -0.23395100       -1.22641300       -4.16485900      -45.13160145      259.19999062        0.31079155
 638       -0.07839600       -1.24606400       -4.16485900      -45.13160221      266.39998635        0.31079150
 639        0.07839600       -1.24606400       -4.16485900      -45.13160221      273.60001365        0.31079150
 640        0.23395100       -1.22641300       -4.16485900      -45.13160145      280.80000938        0.31079155
 641        0.38581600       -1.18742100       -4.16485900      -45.13160038      287.99997946        0.31079161
 642        0.53159700       -1.12970200       -4.16485900      -45.13160135      295.19998299        0.31079155
 643        0.66899500       -1.05416700       -4.16485900      -45.13160075      302.40001081        0.31079159
 644        0.79584200       -0.96200700       -4.16485900      -45.13160139      309.60002111        0.31079155
 645        0.91013800       -0.85467600       -4.16485900      -45.13160095      316.80001575        0.31079158
 646        1.01008000       -0.73386600       -4.16485900      -45.13160299      324.00000285        0.31079146
 647        1.09409400       -0.60148300       -4.16485900      -45.13159905      331.20001071        0.31079168
 648        1.16085200       -0.45961400       -4.16485900      -45.13160072      338.39999236        0.31079159
 649        1.20930300       -0.31049600       -4.16485900      -45.13160207      345.60001053        0.31079151
 650        1.23868300       -0.15648200       -4.16485900      -45.13160103      352.80000243        0.31079157
 651        1.10582500        0.00000000       -4.55303200      -50.85077352        0.00000000        0.30769152
 652        1.09710500        0.13859700       -4.55303200      -50.85077448        7.20002093        0.30769148
 653        1.07108400        0.27500800       -4.55303200      -50.85077035       14.40001859        0.30769168
 654        1.02817000        0.40708100       -4.55303200      -50.85077452       21.59998551        0.30769148
 655        0.96904200        0.53273500       -4.55303200      -50.85077342       28.79998421        0.30769153
 656        0.89463100        0.64998800       -4.55303200      -50.85077331       36.00002228        0.30769153
 657        0.80611200        0.75698900       -4.55303200      -50.85077359       43.19997905        0.30769152
 658        0.70487900        0.85205300       -4.55303200      -50.85077400       50.40002169        0.30769150
 659        0.59253100        0.93367900       -4.55303200      -50.85077233       57.59998736        0.30769158
 660        0.47083700        1.00058000       -4.55303200      -50.85077604       64.80000977        0.30769140
 661        0.34171900        1.05170200       -4.55303200      -50.85077343       71.99998494        0.30769153
 662        0.20721100        1.08623800       -4.55303200      -50.85077248       79.19999901        0.30769157
 663        0.06943500        1.10364300       -4.55303200      -50.85077316       86.40001717        0.30769154
 664       -0.06943500        1.10364300       -4.55303200      -50.85077316       93.59998283        0.30769154
 665       -0.20721100        1.08623800       -4.55303200      -50.85077248      100.80000099        0.30769157
 666       -0.34171900        1.05170200       -4.55303200      -50.85077343      108.00001506        0.30769153
 667       -0.47083700        1.00058000       -4.55303200      -50.85077604      115.19999023        0.30769140
 668       -0.59253100        0.93367900       -4.55303200      -50.85077233      122.40001264        0.30769158
 669       -0.70487900        0.85205300       -4.55303200      -50.85077400      129.59997831        0.30769150
 670       -0.80611200        0.75698900       -4.55303200      -50.85077359      136.80002095        0.30769152
 671       -0.89463100        0.64998800       -4.55303200      -50.85077331      143.99997772        0.30769153
 672       -0.96904200        0.53273500       -4.55303200      -50.85077342      151.20001579        0.30769153
 673       -1.02817000        0.40708100       -4.55303200      -50.85077452      158.40001449        0.30769148
 674       -1.07108400        0.27500800       -4.55303200      -50.85077035      165.59998141        0.30769168
 675       -1.09710500        0.13859700       -4.55303200      -50.85077448      172.79997907        0.30769148
 676       -1.10582500        0.00000000       -4.55303200      -50.85077352      180.00000000        0.30769152
 677       -1.09710500       -0.13859700       -4.55303200      -50.85077448      187.20002093        0.30769148
 678       -1.07108400       -0.27500800       -4.55303200      -50.85077035      194.40001859        0.30769168
 679       -1.02817000       -0.40708100       -4.55303200      -50.85077452      201.59998551        0.30769148
 680       -0.96904200       -0.53273500       -4.55303200      -50.85077342      208.79998421        0.30769153
 681       -0.89463100       -0.64998800       -4.55303200      -50.85077331      216.00002228        0.30769153
 682       -0.80611200       -0.75698900       -4.55303200      -50.85077359      223.19997905        0.30769152
 683       -0.70487900       -0.85205300       -4.55303200      -50.85077400      230.40002169        0.30769150
 684       -0.59253100       -0.93367900       -4.55303200      -50.85077233      237.59998736        0.30769158
 685       -0.47083700       -1.00058000       -4.55303200      -50.85077604      244.80000977        0.30769140
 686       -0.34171900       -1.05170200       -4.55303200      -50.85077343      251.99998494        0.30769153
 687       -0.20721100       -1.08623800       -4.55303200      -50.85077248      259.19999901        0.30769157
 688       -0.06943500       -1.10364300       -4.55303200      -50.85077316      266.40001717        0.30769154
 689        0.06943500       -1.10364300       -4.55303200      -50.85077316      273.59998283        0.30769154
 690        0.20721100       -1.08623800       -4.55303200      -50.85077248      280.80000099        0.30769157
 691        0.34171900       -1.05170200       -4.55303200      -50.85077343      288.00001506        0.30769153
 692        0.47083700       -1.00058000       -4.55303200      -50.85077604      295.19999023        0.30769140
 693        0.59253100       -0.93367900       -4.55303200      -50.85077233      302.40001264        0.30769158
 694        0.70487900       -0.85205300       -4.55303200      -50.85077400      309.59997831        0.30769150
 695        0.80611200       -0.75698900       -4.55303200      -50.85077359      316.80002095        0.30769152
 696        0.89463100       -0.64998800       -4.55303200      -50.85077331      323.99997772        0.30769153
 697        0.96904200       -0.53273500       -4.55303200      -50.85077342      331.20001579        0.30769153
 698        1.02817000       -0.40708100       -4.55303200      -50.85077452      338.40001449        0.30769148
 699        1.07108400       -0.27500800       -4.55303200      -50.85077035      345.59998141        0.30769168
 700        1.09710500       -0.13859700       -4.55303200      -50.85077448      352.79997907        0.30769148
 701        0.95632500        0.00000000       -4.89735600      -56.59203481        0.00000000        0.30519399
 702        0.94878400        0.11985900       -4.89735600      -56.59203566        7.19998258        0.30519395
 703        0.92628000        0.23782800       -4.89735600      -56.59203726       14.39998367        0.30519389
 704        0.88916800        0.35204700       -4.89735600      -56.59203717       21.60002698        0.30519390
 705        0.83803400        0.46071300       -4.89735600      -56.59203499       28.79999526        0.30519398
 706        0.77368300        0.56211300       -4.89735600      -56.59203860       35.99997079        0.30519384
 707        0.69713100        0.65464900       -4.89735600      -56.59203675       43.19997451        0.30519391
 708        0.60958400        0.73686100       -4.89735600      -56.59203730       50.40002001        0.30519389
 709        0.51242400        0.80745200       -4.89735600      -56.59203625       57.60003142        0.30519393
 710        0.40718300        0.86530800       -4.89735600      -56.59204026       64.80000201        0.30519378
 711        0.29552100        0.90951900       -4.89735600      -56.59203492       71.99997933        0.30519398
 712        0.17919700        0.93938500       -4.89735600      -56.59204091       79.20001604        0.30519375
 713        0.06004800        0.95443700       -4.89735600      -56.59204089       86.40000516        0.30519375
 714       -0.06004800        0.95443700       -4.89735600      -56.59204089       93.59999484        0.30519375
 715       -0.17919700        0.93938500       -4.89735600      -56.59204091      100.79998396        0.30519375
 716       -0.29552100        0.90951900       -4.89735600      -56.59203492      108.00002067        0.30519398
 717       -0.40718300        0.86530800       -4.89735600      -56.59204026      115.19999799        0.30519378
 718       -0.51242400        0.80745200       -4.89735600      -56.59203625      122.39996858        0.30519393
 719       -0.60958400        0.73686100       -4.89735600      -56.59203730      129.59997999        0.30519389
 720       -0.69713100        0.65464900       -4.89735600      -56.59203675      136.80002549        0.30519391
 721       -0.77368300        0.56211300       -4.89735600      -56.59203860      144.00002921        0.30519384
 722       -0.83803400        0.46071300       -4.89735600      -56.59203499      151.20000474        0.30519398
 723       -0.88916800        0.35204700       -4.89735600      -56.59203717      158.39997302        0.30519390
 724       -0.92628000        0.23782800       -4.89735600      -56.59203726      165.60001633        0.30519389
 725       -0.94878400        0.11985900       -4.89735600      -56.59203566      172.80001742        0.30519395
 726       -0.95632500        0.00000000       -4.89735600      -56.59203481      180.00000000        0.30519399
 727       -0.94878400       -0.11985900       -4.89735600      -56.59203566      187.19998258        0.30519395
 728       -0.92628000       -0.23782800       -4.89735600      -56.59203726      194.39998367        0.30519389
 729       -0.88916800       -0.35204700       -4.89735600      -56.59203717      201.60002698        0.30519390
 730       -0.83803400       -0.46071300       -4.89735600      -56.59203499      208.79999526        0.30519398
 731       -0.77368300       -0.56211300       -4.89735600      -56.59203860      215.99997079        0.30519384
 732       -0.69713100       -0.65464900       -4.89735600      -56.59203675      223.19997451        0.30519391
 733       -0.60958400       -0.73686100       -4.89735600      -56.59203730      230.40002001        0.30519389
 734       -0.51242400       -0.80745200       -4.89735600      -56.59203625      237.60003142        0.30519393
 735       -0.40718300       -0.86530800       -4.89735600      -56.59204026      244.80000201        0.30519378
 736       -0.29552100       -0.90951900       -4.89735600      -56.59203492      251.99997933        0.30519398
 737       -0.17919700       -0.93938500       -4.89735600      -56.59204091      259.20001604        0.30519375
 738       -0.06004800       -0.95443700       -4.89735600      -56.59204089      266.40000516        0.30519375
 739        0.06004800       -0.95443700       -4.89735600      -56.59204089      273.59999484        0.30519375
 740        0.17919700       -0.93938500       -4.89735600      -56.59204091      280.79998396        0.30519375
 741        0.29552100       -0.90951900       -4.89735600      -56.59203492      288.00002067        0.30519398
 742        0.40718300       -0.86530800       -4.89735600      -56.59204026      295.19999799        0.30519378
 743        0.51242400       -0.80745200       -4.89735600      -56.59203625      302.39996858        0.30519393
 744        0.60958400       -0.73686100       -4.89735600      -56.59203730      309.59997999        0.30519389
 745        0.69713100       -0.65464900       -4.89735600      -56.59203675      316.80002549        0.30519391
 746        0.77368300       -0.56211300       -4.89735600      -56.59203860      324.00002921        0.30519384
 747        0.83803400       -0.46071300       -4.89735600      -56.59203499      331.20000474        0.30519398
 748        0.88916800       -0.35204700       -4.89735600      -56.59203717      338.39997302        0.30519390
 749        0.92628000       -0.23782800       -4.89735600      -56.59203726      345.60001633        0.30519389
 750        0.94878400       -0.11985900       -4.89735600      -56.59203566      352.80001742        0.30519395
 751        0.64274200        0.00000000       -5.44165000      -68.13497433        0.00000000        0.30331136
 752        0.63767300        0.08055700       -5.44165000      -68.13498400        7.20001470        0.30331113
 753        0.62254900        0.15984300       -5.44165000      -68.13497664       14.39996413        0.30331130
 754        0.59760600        0.23660900       -5.44165000      -68.13497948       21.60000384        0.30331123
 755        0.56323900        0.30964300       -5.44165000      -68.13497745       28.79997965        0.30331128
 756        0.51998900        0.37779400       -5.44165000      -68.13497834       35.99999116        0.30331126
 757        0.46853900        0.43998700       -5.44165000      -68.13497359       43.19997353        0.30331137
 758        0.40969900        0.49524100       -5.44165000      -68.13497784       50.39999902        0.30331127
 759        0.34439800        0.54268500       -5.44165000      -68.13497713       57.60002811        0.30331129
 760        0.27366600        0.58157000       -5.44165000      -68.13497953       64.80000557        0.30331123
 761        0.19861800        0.61128400       -5.44165000      -68.13497472       72.00001794        0.30331135
 762        0.12043800        0.63135700       -5.44165000      -68.13497730       79.19998152        0.30331129
 763        0.04035800        0.64147300       -5.44165000      -68.13498310       86.40000537        0.30331115
 764       -0.04035800        0.64147300       -5.44165000      -68.13498310       93.59999463        0.30331115
 765       -0.12043800        0.63135700       -5.44165000      -68.13497730      100.80001848        0.30331129
 766       -0.19861800        0.61128400       -5.44165000      -68.13497472      107.99998206        0.30331135
 767       -0.27366600        0.58157000       -5.44165000      -68.13497953      115.19999443        0.30331123
 768       -0.34439800        0.54268500       -5.44165000      -68.13497713      122.39997189        0.30331129
 769       -0.40969900        0.49524100       -5.44165000      -68.13497784      129.60000098        0.30331127
 770       -0.46853900        0.43998700       -5.44165000      -68.13497359      136.80002647        0.30331137
 771       -0.51998900        0.37779400       -5.44165000      -68.13497834      144.00000884        0.30331126
 772       -0.56323900        0.30964300       -5.44165000      -68.13497745      151.20002035        0.30331128
 773       -0.59760600        0.23660900       -5.44165000      -68.13497948      158.39999616        0.30331123
 774       -0.62254900        0.15984300       -5.44165000      -68.13497664      165.60003587        0.30331130
 775       -0.63767300        0.08055700       -5.44165000      -68.13498400      172.79998530        0.30331113
 776       -0.64274200        0.00000000       -5.44165000      -68.13497433      180.00000000        0.30331136
 777       -0.63767300       -0.08055700       -5.44165000      -68.13498400      187.20001470        0.30331113
 778       -0.62254900       -0.15984300       -5.44165000      -68.13497664      194.39996413        0.30331130
 779       -0.59760600       -0.23660900       -5.44165000      -68.13497948      201.60000384        0.30331123
 780       -0.56323900       -0.30964300       -5.44165000      -68.13497745      208.79997965        0.30331128
 781       -0.51998900       -0.37779400       -5.44165000      -68.13497834      215.99999116        0.30331126
 782       -0.46853900       -0.43998700       -5.44165000      -68.13497359      223.19997353        0.30331137
 783       -0.40969900       -0.49524100       -5.44165000      -68.13497784      230.39999902        0.30331127
 784       -0.34439800       -0.54268500       -5.44165000      -68.13497713      237.60002811        0.30331129
 785       -0.27366600       -0.58157000       -5.44165000      -68.13497953      244.80000557        0.30331123
 786       -0.19861800       -0.61128400       -5.44165000      -68.13497472      252.00001794        0.30331135
 787       -0.12043800       -0.63135700       -5.44165000      -68.13497730      259.19998152        0.30331129
 788       -0.04035800       -0.64147300       -5.44165000      -68.13498310      266.40000537        0.30331115
 789        0.04035800       -0.64147300       -5.44165000      -68.13498310      273.59999463        0.30331115
 790        0.12043800       -0.63135700       -5.44165000      -68.13497730      280.80001848        0.30331129
 791        0.19861800       -0.61128400       -5.44165000      -68.13497472      287.99998206        0.30331135
 792        0.27366600       -0.58157000       -5.44165000      -68.13497953      295.19999443        0.30331123
 793        0.34439800       -0.54268500       -5.44165000      -68.13497713      302.39997189        0.30331129
 794        0.40969900       -0.49524100       -5.44165000      -68.13497784      309.60000098        0.30331127
 795        0.46853900       -0.43998700       -5.44165000      -68.13497359      316.80002647        0.30331137
 796        0.51998900       -0.37779400       -5.44165000      -68.13497834      324.00000884        0.30331126
 797        0.56323900       -0.30964300       -5.44165000      -68.13497745      331.20002035        0.30331128
 798        0.59760600       -0.23660900       -5.44165000      -68.13497948      338.39999616        0.30331123
 799        0.62254900       -0.15984300       -5.44165000      -68.13497664      345.60003587        0.30331130
 800        0.63767300       -0.08055700       -5.44165000      -68.13498400      352.79998530        0.30331113
 801        0.15875400        0.00000000       -5.86163800      -84.93051790        0.00000000        0.31535601
 802        0.15750200        0.01989700       -5.86163800      -84.93052366        7.19995354        0.31535598
 803        0.15376600        0.03948000       -5.86163800      -84.93053458       14.39986069        0.31535593
 804        0.14760500        0.05844100       -5.86163800      -84.93054078       21.60001552        0.31535589
 805        0.13911700        0.07648000       -5.86163800      -84.93052743       28.79993107        0.31535596
 806        0.12843400        0.09331300       -5.86163800      -84.93053875       36.00006919        0.31535591
 807        0.11572600        0.10867400       -5.86163800      -84.93054460       43.20001380        0.31535588
 808        0.10119300        0.12232200       -5.86163800      -84.93053069       50.40015544        0.31535595
 809        0.08506400        0.13404000       -5.86163800      -84.93053899       57.60011294        0.31535590
 810        0.06759400        0.14364400       -5.86163800      -84.93054440       64.79991366        0.31535588
 811        0.04905800        0.15098400       -5.86163800      -84.93051575       71.99988859        0.31535602
 812        0.02974700        0.15594200       -5.86163800      -84.93052173       79.20018699        0.31535599
 813        0.00996800        0.15844000       -5.86163800      -84.93054002       86.40007200        0.31535590
 814       -0.00996800        0.15844000       -5.86163800      -84.93054002       93.59992800        0.31535590
 815       -0.02974700        0.15594200       -5.86163800      -84.93052173      100.79981301        0.31535599
 816       -0.04905800        0.15098400       -5.86163800      -84.93051575      108.00011141        0.31535602
 817       -0.06759400        0.14364400       -5.86163800      -84.93054440      115.20008634        0.31535588
 818       -0.08506400        0.13404000       -5.86163800      -84.93053899      122.39988706        0.31535590
 819       -0.10119300        0.12232200       -5.86163800      -84.93053069      129.59984456        0.31535595
 820       -0.11572600        0.10867400       -5.86163800      -84.93054460      136.79998620        0.31535588
 821       -0.12843400        0.09331300       -5.86163800      -84.93053875      143.99993081        0.31535591
 822       -0.13911700        0.07648000       -5.86163800      -84.93052743      151.20006893        0.31535596
 823       -0.14760500        0.05844100       -5.86163800      -84.93054078      158.39998448        0.31535589
 824       -0.15376600        0.03948000       -5.86163800      -84.93053458      165.60013931        0.31535593
 825       -0.15750200        0.01989700       -5.86163800      -84.93052366      172.80004646        0.31535598
 826       -0.15875400        0.00000000       -5.86163800      -84.93051790      180.00000000        0.31535601
 827       -0.15750200       -0.01989700       -5.86163800      -84.93052366      187.19995354        0.31535598
 828       -0.15376600       -0.03948000       -5.86163800      -84.93053458      194.39986069        0.31535593
 829       -0.14760500       -0.05844100       -5.86163800      -84.93054078      201.60001552        0.31535589
 830       -0.13911700       -0.07648000       -5.86163800      -84.93052743      208.79993107        0.31535596
 831       -0.12843400       -0.09331300       -5.86163800      -84.93053875      216.00006919        0.31535591
 832       -0.11572600       -0.10867400       -5.86163800      -84.93054460      223.20001380        0.31535588
 833       -0.10119300       -0.12232200       -5.86163800      -84.93053069      230.40015544        0.31535595
 834       -0.08506400       -0.13404000       -5.86163800      -84.93053899      237.60011294        0.31535590
 835       -0.06759400       -0.14364400       -5.86163800      -84.93054440      244.79991366        0.31535588
 836       -0.04905800       -0.15098400       -5.86163800      -84.93051575      251.99988859        0.31535602
 837       -0.02974700       -0.15594200       -5.86163800      -84.93052173      259.20018699        0.31535599
 838       -0.00996800       -0.15844000       -5.86163800      -84.93054002      266.40007200        0.31535590
 839        0.00996800       -0.15844000       -5.86163800      -84.93054002      273.59992800        0.31535590
 840        0.02974700       -0.15594200       -5.86163800      -84.93052173      280.79981301        0.31535599
 841        0.04905800       -0.15098400       -5.86163800      -84.93051575      288.00011141        0.31535602
 842        0.06759400       -0.14364400       -5.86163800      -84.93054440      295.20008634        0.31535588
 843        0.08506400       -0.13404000       -5.86163800      -84.93053899      302.39988706        0.31535590
 844        0.10119300       -0.12232200       -5.86163800      -84.93053069      309.59984456        0.31535595
 845        0.11572600       -0.10867400       -5.86163800      -84.93054460      316.79998620        0.31535588
 846        0.12843400       -0.09331300       -5.86163800      -84.93053875      323.99993081        0.31535591
 847        0.13911700       -0.07648000       -5.86163800      -84.93052743      331.20006893        0.31535596
 848        0.14760500       -0.05844100       -5.86163800      -84.93054078      338.39998448        0.31535589
 849        0.15376600       -0.03948000       -5.86163800      -84.93053458      345.60013931        0.31535593
 850        0.15750200       -0.01989700       -5.86163800      -84.93052366      352.80004646        0.31535598
 851        0.00000000        0.00000000       -5.89000000      -90.00000000      180.00000000        0.31831552
